rsid	chr	pos	ea	oa	eaf	beta	se	p	n	info
rs1000096	4	38692835	T	C	0.3819	-0.0145	0.0018	2.34E-16	702882	0.977675
rs10002111	4	67815504	A	G	0.2227	0.0125	0.0021	1.26E-09	718668	0.993308
rs1000940	17	5283252	A	G	0.7168	-0.0152	0.0018	7.80E-18	806516	0.997741
rs10044136	5	153546808	C	G	0.565	-0.0162	0.0017	3.06E-21	718695	0.998418
rs1006893	21	40303677	T	C	0.757	-0.0119	0.002	1.82E-09	718691	0.995921
rs1009188	1	197257090	T	C	0.7137	0.0124	0.0019	7.15E-11	718619	0.995335
rs10092723	8	67194710	A	C	0.2494	-0.0133	0.002	1.17E-11	718633	0.985185
rs10099330	8	143383694	A	G	0.538	-0.0119	0.0017	3.22E-12	714811	0.996807
rs10101364	8	20634888	T	C	0.6801	0.012	0.0018	5.61E-11	711583	0.991362
rs1011407	2	60665768	A	G	0.8883	0.0172	0.0026	6.81E-11	718569	0.997095
rs10116186	9	80532374	A	G	0.4591	-0.0116	0.0019	1.62E-09	484680	0.989064
rs10132280	14	25928179	A	C	0.311	-0.0214	0.0018	2.28E-33	806477	0.988362
rs10197031	2	105454590	T	C	0.7262	-0.0161	0.0019	5.05E-18	718456	0.997835
rs10198345	2	157109395	T	C	0.6565	-0.0109	0.0018	1.27E-09	718386	0.996635
rs10203386	2	25136866	A	T	0.4506	0.0318	0.0017	1.43E-78	718474	0.99609
rs10269783	7	49616203	A	G	0.4171	0.0126	0.0017	2.26E-14	804361	0.995969
rs1030015	7	78139581	T	G	0.5422	0.0109	0.0017	1.16E-10	718623	0.998556
rs1031670	18	60723787	T	C	0.5169	-0.0111	0.0017	1.03E-10	705278	0.997743
rs1035010	7	69598328	T	C	0.2517	0.0139	0.002	2.01E-12	664340	0.999241
rs1038088	17	28074563	T	G	0.4879	-0.0115	0.0016	1.37E-12	805864	1
rs10402145	19	33966641	A	G	0.3041	0.012	0.0019	1.90E-10	718675	0.997093
rs1045411	13	31033232	T	C	0.2807	-0.0139	0.0019	6.66E-14	791709	0.996695
rs1048303	7	100804140	T	C	0.5817	-0.011	0.0017	1.49E-10	718619	0.997214
rs10497870	2	203970283	A	G	0.6092	0.0121	0.0016	1.97E-13	806733	0.995036
rs10498767	6	46363557	C	G	0.4537	-0.0138	0.0017	5.03E-16	718665	0.99299
rs10498891	6	73891434	T	C	0.9321	0.0205	0.0035	3.28E-09	718569	0.991161
rs10499276	6	154309808	T	C	0.1128	0.018	0.0024	1.79E-13	806750	0.997672
rs10499694	7	50614173	A	G	0.4935	0.013	0.0016	1.29E-15	806696	0.995145
rs10510419	3	12426936	T	G	0.1467	-0.0168	0.0023	2.23E-13	800535	1
rs10518269	19	31028666	T	C	0.165	-0.0173	0.0023	4.69E-14	718671	0.995124
rs10744146	12	17212881	A	G	0.5355	-0.0113	0.0017	2.54E-11	718403	0.99577
rs1075901	17	15943910	T	C	0.4516	-0.0118	0.0016	4.43E-13	806810	0.99862
rs10761247	9	96403367	A	G	0.587	-0.0113	0.0017	4.53E-11	718623	0.990858
rs10761785	10	65318766	T	G	0.5136	-0.0133	0.0016	3.47E-16	806365	0.996172
rs10783779	12	56491880	T	G	0.6004	0.0137	0.0018	5.25E-15	706285	0.99318
rs10792006	11	68722306	T	C	0.4527	0.0123	0.0019	1.35E-10	484680	0.994847
rs10797987	1	184651822	T	C	0.5116	-0.0117	0.0019	7.69E-10	484680	0.99535
rs10823893	10	53677313	A	G	0.407	0.0124	0.0019	1.55E-10	484680	0.999027
rs10840606	11	2234690	A	G	0.817	-0.0146	0.0023	2.21E-10	681468	0.972359
rs10850185	12	114065412	A	C	0.2989	0.0116	0.0019	4.55E-10	718685	0.999317
rs10850777	12	117596788	A	G	0.4388	0.0108	0.0017	2.65E-10	718626	0.998977
rs10858334	9	137989785	C	G	0.8484	-0.0148	0.0025	4.91E-09	707975	0.978181
rs10871589	18	63285783	A	G	0.6775	-0.0164	0.002	1.03E-15	484680	0.99307
rs10886017	10	118672531	A	C	0.2413	0.0146	0.0019	4.47E-15	806301	0.982787
rs10887584	10	88112323	A	G	0.448	0.0126	0.0019	4.57E-11	484680	0.994111
rs10892873	11	122535333	C	G	0.3614	0.0118	0.0018	1.75E-11	718243	0.992533
rs10896012	11	65278461	T	C	0.7849	-0.0162	0.0021	1.02E-14	718182	0.99646
rs10920678	1	190239907	A	G	0.425	0.0149	0.0016	7.15E-20	805921	0.996095
rs10923724	1	119546842	T	C	0.5562	-0.0126	0.0016	1.14E-14	806787	0.992599
rs10929925	2	6155557	A	C	0.4105	-0.0142	0.0016	3.05E-18	801209	0.995122
rs10930502	2	172890588	A	G	0.694	0.0128	0.0018	2.74E-13	806321	0.995525
rs10937094	3	182297057	A	G	0.7109	0.0116	0.0019	4.20E-10	718633	0.993596
rs10938397	4	45182527	A	G	0.57	-0.0322	0.0016	2.42E-86	805635	1
rs10942267	5	80841914	A	G	0.6927	0.0148	0.0018	6.53E-16	718640	0.993311
rs10950289	7	71429308	A	G	0.8388	0.0177	0.0026	1.44E-11	484680	0.975344
rs10954772	8	30863938	T	C	0.3193	0.0155	0.0021	5.33E-14	484680	0.981932
rs10965780	9	23341715	C	G	0.4098	-0.0107	0.0017	8.56E-10	717336	0.989997
rs10971721	9	33827694	T	C	0.1039	-0.0201	0.0028	3.19E-13	714990	0.998811
rs10984756	9	122651784	C	G	0.9051	-0.0176	0.0028	4.37E-10	718010	0.988454
rs10985968	9	126094156	C	G	0.5018	0.0129	0.0017	8.46E-14	716446	0.989264
rs11001963	10	78760959	T	C	0.55	0.0112	0.0017	8.54E-11	718140	0.978215
rs11047132	12	24008435	T	G	0.9179	-0.0227	0.0031	1.59E-13	718437	0.992828
rs1106761	8	142619234	A	G	0.3745	0.0134	0.002	1.75E-11	484680	0.973864
rs1106908	17	34942595	A	G	0.4454	-0.0161	0.0016	7.60E-23	806781	0.999426
rs11074446	16	20255123	T	C	0.8534	0.0214	0.0024	3.67E-19	794991	0.961765
rs11075489	16	62803841	T	C	0.4739	-0.0116	0.0017	1.23E-11	718240	0.995686
rs11105839	12	91237920	A	T	0.3729	-0.0113	0.0017	1.25E-11	801313	0.991053
rs11115176	12	82465797	T	C	0.7839	0.0131	0.0019	6.79E-12	805743	0.994206
rs11121210	1	8708529	T	C	0.3445	-0.0111	0.0017	2.37E-10	718632	0.998038
rs11126822	2	81792736	A	G	0.3139	0.011	0.0018	1.88E-09	718681	0.996963
rs11138313	9	82240968	A	G	0.8966	0.0176	0.0028	6.02E-10	706567	1
rs11158434	14	63048448	A	G	0.1963	0.0126	0.0021	3.63E-09	718613	0.991604
rs11170468	12	39430048	A	C	0.7826	0.013	0.0019	1.12E-11	806636	0.999517
rs11181001	12	41948196	A	G	0.4806	0.0136	0.0016	1.17E-16	805907	0.97536
rs11185111	1	107962328	A	G	0.2906	-0.0127	0.0019	1.08E-11	718693	0.979492
rs1119950	4	60228517	A	G	0.5688	-0.0113	0.0019	1.27E-09	608138	0.998433
rs11218510	11	121922587	A	G	0.3949	-0.014	0.002	6.79E-13	484680	0.998072
rs112566467	1	39562627	T	C	0.2071	0.0184	0.0024	5.86E-15	484680	0.986296
rs113397893	12	57611285	A	G	0.9231	-0.0222	0.0036	8.70E-10	484680	0.972163
rs114285050	5	145895394	A	G	0.0078	-0.0636	0.0108	3.75E-09	484680	1
rs11525873	7	138817193	T	C	0.8995	0.0232	0.0032	2.98E-13	484680	0.991504
rs11577094	1	38026600	T	C	0.0791	0.0186	0.003	3.28E-10	791496	0.999644
rs11608710	12	23753927	T	G	0.94	-0.0247	0.0041	1.44E-09	484680	0.968386
rs11611246	12	939480	T	G	0.199	0.0223	0.002	2.04E-28	793063	0.995896
rs11629783	15	66741387	C	G	0.772	0.0143	0.002	1.43E-12	718567	0.996131
rs11633626	15	95271378	A	C	0.6313	-0.0157	0.0018	7.27E-19	718669	0.997012
rs11636611	15	36391965	T	C	0.4981	0.0104	0.0017	8.85E-10	718657	0.998105
rs11638950	15	98301367	A	C	0.5888	0.0107	0.0017	6.25E-10	717907	0.985654
rs11649864	17	56093061	A	G	0.0859	0.0192	0.003	2.52E-10	690306	0.997534
rs11655587	17	47140794	T	C	0.3572	-0.021	0.002	6.87E-26	484680	0.991833
rs11668500	19	18836674	C	G	0.5076	0.0191	0.0019	1.91E-23	484680	0.987202
rs11672660	19	46180184	T	C	0.1871	-0.0338	0.0021	6.83E-60	781854	0.99966
rs1167821	7	75150312	A	T	0.5535	-0.0201	0.0019	9.38E-26	484680	0.995792
rs11692326	2	208263279	T	C	0.2302	0.0147	0.0019	1.69E-14	801583	0.999957
rs11702843	21	40123740	A	G	0.2531	0.0121	0.002	2.16E-09	704082	0.978172
rs117176448	8	27261138	C	G	0.9067	-0.0213	0.0033	7.39E-11	484680	1
rs11739877	5	105876806	T	C	0.6231	0.0116	0.0018	4.01E-11	718632	1
rs11757278	6	13180454	T	C	0.6961	0.0133	0.0019	6.92E-13	718346	0.998245
rs11761528	7	99118801	T	C	0.0874	-0.0227	0.003	6.08E-14	717759	1
rs11781222	8	23389571	T	C	0.853	0.0167	0.0024	3.25E-12	806346	0.987718
rs11836108	12	133391022	A	G	0.296	0.0113	0.0018	8.37E-10	718689	0.997446
rs11856579	15	78012688	A	G	0.2608	-0.0161	0.0019	1.38E-16	713913	0.99189
rs11866815	16	387867	T	C	0.2568	-0.0153	0.0019	2.21E-16	806553	0.993912
rs1187352	9	87293457	T	C	0.3426	-0.012	0.0018	2.61E-11	718219	0.995046
rs11874040	18	42595996	A	G	0.7144	0.0126	0.0019	1.54E-11	706942	0.994906
rs11915371	3	70539559	A	C	0.8019	-0.0154	0.0021	2.29E-13	718311	0.996183
rs11931941	4	163038864	A	C	0.2212	0.0125	0.002	4.75E-10	718674	0.986168
rs11971098	7	26699061	A	G	0.9093	-0.0196	0.003	8.08E-11	718702	0.98831
rs1199334	3	138091140	A	G	0.1896	0.0145	0.0021	1.50E-12	806644	0.997529
rs11997238	8	132871608	A	G	0.9077	-0.0188	0.003	5.53E-10	718600	0.989764
rs12022461	1	33232525	A	G	0.1674	-0.0167	0.0022	9.78E-14	718684	0.999388
rs12049202	1	77967523	T	C	0.1883	0.0239	0.0021	3.35E-29	718408	0.996576
rs12072739	1	98315893	A	G	0.7762	-0.0169	0.0023	1.50E-13	484680	1
rs12098284	10	76047464	T	C	0.1212	0.0184	0.0026	9.87E-13	714745	0.998313
rs12121950	1	49710264	T	G	0.3355	0.0185	0.0018	7.09E-24	718525	0.955743
rs12140153	1	62579891	T	G	0.0911	-0.0353	0.0034	1.44E-25	484680	0.947242
rs12147845	14	101144596	T	C	0.1115	0.0187	0.0027	4.97E-12	716257	0.991698
rs12151152	19	47563532	A	G	0.4087	-0.021	0.002	6.51E-27	484680	0.980329
rs12189178	5	50914726	T	C	0.0343	0.0348	0.0046	4.30E-14	805880	0.995327
rs12193797	6	41748352	A	G	0.8704	0.0168	0.0028	3.33E-09	484680	0.995243
rs12206094	6	108906200	T	C	0.2896	-0.0143	0.0018	1.93E-15	806702	0.996379
rs12209887	6	101156806	A	G	0.463	0.0114	0.0017	1.78E-11	718123	0.994461
rs12222235	11	131984330	T	C	0.3305	-0.0128	0.0018	1.78E-12	718613	0.990705
rs12238336	9	29716655	T	C	0.3828	-0.0121	0.0017	3.76E-12	718470	0.994466
rs12282785	11	76476030	A	C	0.2204	-0.0157	0.0023	1.43E-11	484680	0.972667
rs12286929	11	115022404	A	G	0.5007	-0.0177	0.0016	1.93E-27	806583	0.995768
rs12316047	12	108393845	A	G	0.2392	-0.0174	0.002	1.34E-17	717209	0.996072
rs12321904	12	109989228	T	G	0.5004	0.0096	0.0016	2.69E-09	806713	0.999394
rs12336441	9	11619764	A	T	0.6177	0.0126	0.0017	4.68E-13	718587	0.995873
rs12364470	11	134601012	T	G	0.8535	-0.0187	0.0022	2.18E-17	799515	1
rs12369179	12	122963550	T	C	0.085	-0.034	0.0031	2.32E-28	703003	0.990568
rs12422552	12	14413931	C	G	0.2689	-0.0131	0.0019	1.78E-11	718012	0.989646
rs12429545	13	54102206	A	G	0.1218	0.0313	0.0024	1.42E-37	797614	0.978792
rs12431682	14	101539999	T	C	0.3416	-0.0107	0.0017	1.61E-10	806157	0.99578
rs12438629	15	62122539	C	G	0.9678	0.0347	0.0052	2.09E-11	800032	0.980016
rs12439798	15	46584787	T	G	0.438	0.0127	0.0017	1.21E-13	718639	0.995989
rs12446632	16	19935389	A	G	0.1371	-0.0353	0.0024	3.12E-50	801438	0.999682
rs12448257	16	3599655	A	G	0.2185	0.0161	0.002	9.04E-16	797946	0.985252
rs12449219	16	77261943	C	G	0.856	-0.0164	0.0026	1.44E-10	717999	0.990394
rs12449442	17	65947640	A	G	0.2198	0.0149	0.002	1.68E-13	800459	0.995252
rs12454712	18	60845884	T	C	0.6245	-0.0136	0.0018	1.05E-14	728218	1
rs12462975	19	30272202	A	G	0.3243	0.0193	0.0018	1.47E-25	717340	0.988016
rs12470698	2	27063261	A	G	0.5698	0.0103	0.0017	1.99E-09	718265	0.99792
rs12488237	3	56114861	T	C	0.9391	-0.0225	0.0036	2.68E-10	800924	1
rs12509234	4	120319434	T	C	0.7214	-0.0116	0.0019	3.89E-10	718653	0.999547
rs12522567	5	64087023	T	G	0.4928	0.0119	0.0016	2.31E-13	806199	0.9878
rs12546331	8	87505968	T	C	0.508	0.0108	0.0017	2.09E-10	714878	0.998887
rs12551906	9	102119090	A	G	0.294	-0.0117	0.0018	7.72E-11	805800	0.989428
rs12628051	22	40654276	T	C	0.6407	0.0161	0.0018	2.90E-19	715009	1
rs12628891	22	38317137	T	C	0.3186	-0.0115	0.0019	5.85E-10	718155	0.990813
rs12635553	3	171113714	A	T	0.486	0.0099	0.0017	4.10E-09	714859	0.997897
rs1263627	2	207977253	A	T	0.7595	-0.013	0.002	7.26E-11	718483	0.990844
rs12651833	5	106471118	C	G	0.8077	0.0129	0.0022	2.01E-09	718462	0.987615
rs12680842	8	95582606	A	G	0.6839	0.0142	0.0017	3.41E-16	800300	0.993335
rs12681792	8	62054463	A	C	0.2024	0.015	0.0021	2.88E-12	717806	0.98891
rs1269175	6	126040435	A	G	0.5111	0.0105	0.0017	8.09E-10	718417	0.987142
rs12692596	2	161265910	T	C	0.3618	0.012	0.0017	1.03E-12	806739	0.995441
rs12705916	7	113492834	T	C	0.6201	-0.0156	0.0018	1.39E-18	710119	0.996021
rs12714199	2	86812549	T	C	0.6146	-0.0141	0.0017	3.22E-16	718671	1
rs12765914	10	34013507	T	C	0.0801	0.0226	0.0031	1.96E-13	718619	0.999338
rs1277733	10	18562538	T	C	0.7664	0.012	0.002	4.30E-09	706870	1
rs1285245	17	77796889	C	G	0.3864	-0.0106	0.0018	1.63E-09	716945	0.995081
rs12868881	13	112218924	A	T	0.4066	0.0138	0.0017	1.40E-15	718650	0.997368
rs12885454	14	29736838	A	C	0.3559	-0.018	0.0017	5.44E-26	805503	0.997717
rs12889085	14	42885336	A	G	0.5777	-0.0132	0.0019	8.28E-12	484680	0.991863
rs12890931	14	69753369	T	G	0.6324	-0.0103	0.0018	4.23E-09	718170	0.984984
rs12899905	15	47142090	T	C	0.2613	-0.0113	0.0018	6.16E-10	806664	0.977471
rs12912380	15	47947291	T	C	0.1131	-0.0171	0.0027	1.52E-10	790356	0.973345
rs12914623	15	80993570	C	G	0.2722	-0.0159	0.0019	2.00E-16	718054	0.993297
rs12922346	16	82438337	C	G	0.2641	0.0133	0.002	1.48E-11	716945	0.981833
rs12939549	17	78611724	A	G	0.5572	0.018	0.0016	3.68E-28	806064	0.997733
rs13002946	2	100801959	A	T	0.2652	-0.0177	0.0019	3.90E-20	718483	0.987701
rs13021737	2	632348	A	G	0.1567	-0.0578	0.0021	2.89E-161	802967	0.999856
rs13033310	2	133523605	A	G	0.2519	0.0146	0.0022	3.40E-11	484680	0.984294
rs13062093	3	35667057	T	G	0.6319	-0.0122	0.0017	2.78E-12	718696	0.998989
rs13107325	4	103188709	T	C	0.082	0.0468	0.0032	3.81E-47	806141	1
rs13110266	4	162129844	A	G	0.4037	-0.0124	0.0016	3.96E-14	806749	0.992308
rs13155259	5	144623437	A	G	0.6681	-0.0114	0.0018	2.33E-10	718147	0.98603
rs13174863	5	139080745	A	G	0.8542	-0.0197	0.0023	1.94E-17	793550	0.978433
rs13191362	6	163033350	A	G	0.8572	0.0235	0.0025	4.08E-21	806582	0.994597
rs1320251	17	21264396	T	C	0.4566	-0.0177	0.0017	5.51E-25	714431	0.990754
rs13209872	6	97753223	C	G	0.3455	-0.0148	0.0018	2.16E-16	718013	0.992319
rs13264909	8	64702385	A	T	0.5654	0.012	0.0019	4.41E-10	484680	0.992497
rs13298062	9	13941513	A	G	0.8111	0.0131	0.0022	1.64E-09	716729	0.997608
rs13299788	9	28941459	C	G	0.8492	0.0148	0.0023	3.00E-10	718666	0.999225
rs13303252	1	203485142	T	C	0.1812	0.0153	0.0025	8.56E-10	484680	0.974647
rs13396415	2	142831758	A	C	0.8395	-0.0149	0.0023	4.86E-11	718535	0.998441
rs13417156	2	62848319	T	C	0.5755	-0.0135	0.0017	6.90E-16	767912	0.997128
rs13432055	2	56603985	T	C	0.712	-0.0117	0.0018	5.72E-11	805940	0.982301
rs1346841	4	65651730	A	G	0.4116	-0.0126	0.0017	3.18E-13	718293	0.989028
rs1355459	6	23871700	A	G	0.3157	0.0112	0.0018	9.56E-10	718658	0.994293
rs1356506	18	40708038	T	C	0.6287	0.0137	0.0018	8.39E-15	718632	0.99479
rs1363695	5	130378027	T	C	0.2359	-0.0125	0.002	8.06E-10	718676	0.981511
rs1383592	8	106430676	A	G	0.212	0.0122	0.0021	4.92E-09	718467	0.995722
rs1394879	13	62683659	C	G	0.3998	0.011	0.0017	1.67E-10	718541	0.998984
rs140733155	21	48048773	A	G	0.9889	-0.0559	0.0094	2.97E-09	484680	0.944831
rs1409818	20	21381121	T	C	0.1074	0.0195	0.0028	2.59E-12	718603	0.991149
rs1411431	9	16728721	A	C	0.1598	0.0229	0.0026	1.46E-18	484680	0.99403
rs1417665	6	104816944	T	C	0.8026	0.0186	0.0022	5.49E-18	718622	0.988847
rs1426652	15	59056712	A	G	0.1672	0.0149	0.0023	1.62E-10	718580	0.995853
rs1431659	8	73439070	A	G	0.2737	0.0191	0.0019	2.33E-23	718649	0.993753
rs1436344	3	104606144	C	G	0.5703	0.0147	0.0017	1.07E-17	718660	0.997362
rs1437842	4	173597016	A	G	0.4907	-0.0106	0.0017	8.49E-10	705988	0.991595
rs1451077	2	147901207	A	G	0.5776	-0.0169	0.0019	1.43E-18	484680	0.995078
rs1451109	4	137071335	A	G	0.6849	-0.0158	0.0017	1.36E-19	803945	0.997238
rs1452075	3	62481063	T	C	0.7314	0.0128	0.0018	2.67E-12	794919	1
rs1460676	2	164567689	T	C	0.8242	-0.0153	0.0022	1.98E-12	806769	0.996267
rs1470545	2	205365851	T	C	0.0374	0.037	0.0043	5.60E-18	706430	0.984114
rs1471212	15	31857494	A	T	0.4732	0.0109	0.0017	1.51E-10	718525	0.997403
rs1477890	4	18511738	A	G	0.4875	-0.0128	0.0017	6.12E-14	706801	0.997236
rs1481012	4	89039082	A	G	0.8895	0.0188	0.0026	5.11E-13	806340	0.994279
rs148108087	19	51781455	A	G	0.0522	-0.0302	0.0045	2.34E-11	484680	0.905705
rs148636479	4	164359678	A	T	0.9723	0.0386	0.0062	4.81E-10	484680	0.871654
rs1491905	14	47296286	T	C	0.4725	0.0147	0.0017	3.92E-18	718655	1
rs1501673	5	87963600	A	G	0.1355	0.0289	0.0025	2.73E-31	718652	0.99626
rs1506662	11	131477247	A	G	0.5281	0.0118	0.0017	2.71E-12	718695	0.998916
rs1514177	1	74991402	C	G	0.4255	0.0184	0.0016	8.07E-30	806358	0.999276
rs1522569	4	171632637	T	G	0.8183	0.0141	0.0022	1.60E-10	718485	0.994005
rs1523768	3	77667044	A	G	0.6721	-0.0126	0.0017	4.35E-13	806680	0.996867
rs1536053	13	111982291	T	C	0.3104	-0.0122	0.0019	8.02E-11	697970	0.992421
rs1541777	2	219587291	A	G	0.5441	-0.0119	0.0016	1.80E-13	806787	0.998988
rs1546924	1	112273485	T	C	0.4997	0.0139	0.0016	2.34E-17	794849	0.993581
rs1554194	3	8138041	C	G	0.5046	0.0105	0.0017	9.05E-10	715847	0.99493
rs1561554	2	35409697	C	G	0.6089	-0.0115	0.0017	4.89E-11	718663	0.985557
rs1580099	3	94003603	A	C	0.5775	-0.0179	0.0017	6.77E-27	752301	0.996159
rs1582931	5	122657199	A	G	0.4745	-0.0126	0.0017	1.91E-13	717936	0.979289
rs159032	5	94206202	T	C	0.2325	0.0124	0.002	6.24E-10	709303	0.997902
rs1601817	8	89462321	A	C	0.3114	-0.011	0.0018	2.38E-09	718169	0.993703
rs1634350	9	81334684	A	C	0.4355	0.0114	0.0017	3.19E-11	718495	0.982598
rs1635853	7	28189549	T	G	0.4139	-0.0097	0.0016	2.99E-09	799231	0.999855
rs1658820	8	4288577	T	G	0.2389	0.0132	0.002	3.77E-11	704952	0.982671
rs16834431	3	123285856	T	C	0.2061	0.0139	0.0021	2.70E-11	718540	0.994833
rs16851483	3	141275436	T	G	0.0717	0.0352	0.0034	4.87E-25	718609	0.998438
rs16882001	6	90322237	A	G	0.9499	-0.0227	0.0038	3.26E-09	715226	0.989629
rs16906845	8	138215228	A	G	0.06	-0.0244	0.0036	1.32E-11	718216	1
rs16907751	8	81375457	T	C	0.0877	-0.0194	0.0029	1.63E-11	792432	0.991078
rs16940823	18	22137319	A	C	0.1705	-0.0157	0.0022	2.09E-12	718425	0.98121
rs16978350	18	42940499	T	G	0.2763	-0.0128	0.0019	4.58E-11	718538	0.976509
rs16989232	20	39291784	A	G	0.3864	0.0115	0.0017	6.19E-12	805861	0.973828
rs16996644	20	15813475	C	G	0.8696	-0.0181	0.0026	1.60E-12	718574	0.992706
rs17001561	4	77096118	A	G	0.1548	0.0145	0.0023	1.81E-10	806790	0.995943
rs17014375	1	209543560	T	G	0.8691	-0.0165	0.0025	4.03E-11	718328	0.994594
rs17019336	4	145333609	A	T	0.2291	-0.0128	0.0019	2.45E-11	804991	0.997309
rs17024393	1	110154688	T	C	0.9689	-0.0644	0.0049	7.11E-39	782554	0.987842
rs1707322	1	46505147	A	G	0.3155	-0.0136	0.0018	1.59E-14	806793	0.999466
rs17105272	14	77529783	T	C	0.3189	0.0117	0.0018	1.73E-10	717959	0.984647
rs17193211	21	38885506	T	C	0.0695	-0.0209	0.0035	1.74E-09	714254	0.96796
rs17201143	20	50402079	T	C	0.3054	-0.0112	0.0018	1.10E-09	718638	0.998769
rs1721447	7	109214139	T	G	0.5096	-0.01	0.0017	3.79E-09	718656	1
rs17276464	4	153028860	T	C	0.4143	0.0096	0.0016	4.81E-09	806096	0.989607
rs1730859	1	107617707	A	G	0.651	-0.012	0.0017	2.96E-12	806755	0.988579
rs17405819	8	76806584	T	C	0.6845	0.0211	0.0018	6.04E-33	806765	0.99979
rs17425707	1	57874879	T	C	0.9	-0.0173	0.0028	6.16E-10	714959	1
rs17448885	6	97385975	C	G	0.6522	0.0105	0.0018	4.99E-09	718192	0.995527
rs17522122	14	33302882	T	G	0.4667	0.0167	0.0017	7.93E-24	791700	0.991178
rs17535749	3	10027724	A	G	0.1081	0.0159	0.0027	3.46E-09	793365	0.98898
rs17551974	2	142293146	A	C	0.1873	-0.0127	0.0022	4.26E-09	718575	0.994782
rs17574378	13	99116384	T	C	0.7267	0.014	0.0019	7.25E-14	718466	0.997313
rs17609108	3	11626464	T	C	0.8519	-0.0152	0.0024	4.14E-10	718635	0.972957
rs17636031	10	126594078	T	C	0.7244	-0.0154	0.0018	3.87E-17	798189	0.994828
rs17681451	3	114399296	A	G	0.0762	-0.0225	0.0031	7.37E-13	718679	0.999114
rs17720922	9	31030917	T	C	0.1875	0.0128	0.0022	4.18E-09	718607	0.99897
rs17757975	6	38214150	T	C	0.8462	0.0155	0.0024	1.57E-10	718688	0.995585
rs17806224	20	51065854	A	G	0.1808	-0.026	0.0022	7.91E-32	718699	0.996429
rs181179291	16	2787062	A	C	0.9895	-0.0658	0.0095	4.58E-12	484680	0.963924
rs1819844	12	68205604	A	G	0.1694	0.0142	0.0021	2.13E-11	806479	0.993684
rs1852006	7	77829768	A	G	0.376	-0.0153	0.0018	6.71E-18	718382	1
rs1871329	6	124911534	A	G	0.7632	-0.0131	0.002	1.03E-10	718167	0.986416
rs1876359	16	4930100	T	C	0.3679	0.0128	0.0017	2.98E-14	806681	0.996086
rs1877875	9	120664469	T	C	0.4341	-0.0109	0.0017	2.51E-10	718589	0.9961
rs1884389	20	1410582	T	C	0.4386	-0.0108	0.0017	3.72E-10	718491	0.990338
rs1884429	1	11112836	T	C	0.2348	0.0134	0.0019	2.30E-12	806260	0.992288
rs1884897	20	6612832	A	G	0.3747	-0.0184	0.0017	2.70E-28	806711	0.992545
rs1891215	1	7727854	T	C	0.5397	-0.0111	0.0017	7.37E-11	718661	0.989138
rs1899689	7	121964349	T	C	0.3939	0.012	0.0017	4.20E-13	806684	0.99873
rs1911746	3	62100840	T	C	0.2095	0.0113	0.0019	4.17E-09	806670	0.997753
rs1916801	3	61187046	A	T	0.616	0.0169	0.0017	1.93E-24	792378	0.996877
rs1927790	13	96922191	T	C	0.606	-0.014	0.0016	1.57E-17	806731	0.997233
rs192829047	5	173277247	T	C	0.9848	-0.05	0.0082	9.65E-10	484680	0.903743
rs1928295	9	120378483	T	C	0.5712	0.0134	0.0016	2.23E-16	806659	0.999926
rs1941697	18	31251276	A	G	0.4466	0.0122	0.0017	8.36E-13	718538	1
rs194809	16	23804956	A	G	0.1871	0.0126	0.0022	4.86E-09	718688	0.994332
rs1951455	14	91512339	T	C	0.2813	-0.0148	0.0019	6.05E-15	718607	0.996448
rs1954494	14	62593297	T	C	0.5608	0.0097	0.0016	2.43E-09	806720	0.988027
rs1967772	13	28036062	A	G	0.2719	-0.0173	0.0019	9.40E-20	717929	0.985925
rs1982350	11	13350131	A	G	0.3556	-0.0156	0.0018	1.98E-18	717878	0.977543
rs1982441	8	28021769	T	G	0.1322	0.017	0.0025	2.17E-11	715344	0.993729
rs1987960	20	30649834	T	C	0.0456	-0.0293	0.0047	4.56E-10	484680	0.946631
rs1990573	16	9713688	A	G	0.3061	-0.0129	0.0018	2.11E-13	804412	0.989456
rs1996120	15	68181534	A	G	0.4228	-0.0167	0.0016	3.88E-24	804971	0.992539
rs2012502	16	81728081	A	C	0.3826	0.0119	0.0017	1.90E-12	804422	0.984494
rs2033529	6	40348653	A	G	0.7251	-0.0201	0.0018	2.05E-29	806597	0.991641
rs2044469	2	174961488	A	G	0.6619	-0.0133	0.0018	1.19E-13	718581	0.985863
rs2051559	4	3298800	T	C	0.8588	-0.0167	0.0025	3.78E-11	718374	0.991953
rs2053682	5	170599327	A	C	0.6784	0.017	0.0018	2.59E-20	717007	0.988057
rs2058527	16	6704749	T	G	0.2715	-0.0115	0.0019	1.80E-09	718465	0.995574
rs2063177	2	41712849	A	G	0.3534	0.0119	0.0018	1.87E-11	717916	0.993159
rs2065418	11	30422068	T	G	0.646	0.0139	0.0018	6.07E-15	718408	0.997725
rs2070929	1	47683607	C	G	0.2858	0.0137	0.0019	3.32E-13	718408	0.993579
rs2072518	16	54152730	A	G	0.5707	0.0107	0.0016	7.30E-11	806780	1
rs2072597	19	12996740	A	G	0.6946	-0.0125	0.0021	1.52E-09	484680	1
rs2074881	19	1970021	T	C	0.1875	-0.016	0.0023	2.24E-12	713438	0.993341
rs2081493	8	25651528	C	G	0.2997	0.0112	0.0018	1.30E-09	718699	0.999519
rs2105808	11	132640001	A	C	0.6745	-0.012	0.0018	2.78E-11	718549	0.996959
rs2107118	16	24310282	A	G	0.4998	0.0111	0.0018	3.23E-10	688172	1
rs2112347	5	75015242	T	G	0.6298	0.0276	0.0017	1.17E-61	806699	1
rs2134858	9	73837155	T	C	0.5119	-0.0117	0.0017	5.87E-12	718696	0.998694
rs2155645	11	112912947	T	C	0.259	-0.0114	0.0019	8.17E-10	806769	0.990184
rs215614	7	32347335	A	G	0.6246	-0.0144	0.0018	2.77E-16	718669	1
rs2170382	8	74689288	T	C	0.1103	0.0177	0.0027	4.26E-11	718650	0.992808
rs217669	14	62360075	T	C	0.7224	-0.0172	0.0021	6.27E-16	484680	1
rs2178899	6	31606756	A	T	0.8833	0.0243	0.0025	5.44E-23	797281	0.999857
rs2183824	9	28412078	T	C	0.3135	0.0234	0.0017	2.29E-41	805606	0.997759
rs2187449	11	133712682	A	G	0.7667	0.0156	0.0021	4.21E-14	714457	0.982057
rs2192158	4	55505360	A	G	0.4492	0.0137	0.0017	7.42E-16	718510	0.997295
rs2196618	8	85089437	A	G	0.2634	-0.0137	0.0019	1.49E-12	718304	0.993251
rs2206277	6	50798526	T	C	0.1557	0.0408	0.0021	1.82E-83	806768	1
rs2228213	6	12124855	A	G	0.3374	-0.0144	0.0017	5.50E-17	806782	1
rs223058	11	32125855	A	G	0.3349	-0.0114	0.0018	3.29E-10	718638	0.998835
rs2237403	7	39448936	T	C	0.3582	-0.0128	0.0018	1.22E-12	718450	0.999125
rs2241743	4	96091524	A	G	0.5699	-0.0106	0.0016	8.57E-11	805855	1
rs2246012	6	131898208	T	C	0.8512	-0.0161	0.0022	1.15E-13	806786	1
rs2299383	7	103418846	T	C	0.3982	0.0162	0.0016	6.89E-23	801620	0.987922
rs2307022	16	68381978	A	G	0.3278	0.0134	0.0017	7.57E-15	806658	0.999505
rs2322622	13	60497331	T	C	0.6472	-0.0098	0.0017	4.64E-09	806789	0.994176
rs2342892	16	24540806	T	G	0.4855	0.0126	0.0017	1.33E-13	714485	0.997812
rs2357760	6	120213880	A	G	0.6735	0.0143	0.0017	2.11E-16	806795	0.99263
rs2391540	4	130726833	A	T	0.6718	-0.0139	0.0018	1.36E-14	718455	0.993475
rs2396625	7	113028634	A	T	0.4183	-0.0176	0.0017	2.81E-24	718567	0.983597
rs2400414	1	194965200	T	C	0.3461	-0.0126	0.0018	5.52E-13	718698	0.996849
rs2425857	20	44914134	A	G	0.4349	0.0116	0.0017	1.67E-11	718070	0.997292
rs2434467	11	43899601	T	C	0.342	0.012	0.0018	2.02E-11	718495	0.993532
rs2439823	10	99778226	A	G	0.4514	-0.0165	0.0017	6.51E-22	718034	0.991052
rs2447832	5	103933473	T	C	0.4433	0.0109	0.0017	1.88E-10	718663	0.997119
rs2450448	10	93062111	A	T	0.6874	0.0128	0.0021	3.93E-10	484680	0.998738
rs2455793	3	15743844	A	G	0.4165	0.01	0.0016	1.14E-09	804192	0.999364
rs2470397	12	2106116	T	C	0.8143	-0.0128	0.0022	2.80E-09	718321	0.995071
rs249293	16	9412222	C	G	0.6985	0.0123	0.0019	3.31E-11	718128	0.990379
rs249612	5	66200783	T	C	0.7138	0.0153	0.0021	4.91E-13	484680	0.990225
rs2577947	15	42037570	T	C	0.8243	-0.0135	0.0022	7.35E-10	718665	0.999187
rs2596902	3	12955982	A	G	0.6517	-0.0114	0.0018	2.35E-10	718160	0.98995
rs2601777	16	4035068	A	G	0.386	-0.0143	0.0017	2.84E-17	804920	0.979249
rs2605603	11	93221105	A	G	0.4812	-0.0103	0.0016	2.04E-10	806679	0.994161
rs2619976	17	71754545	T	C	0.4011	0.0105	0.0018	1.99E-09	716455	0.991513
rs2622274	6	64240516	T	G	0.4553	-0.0107	0.0017	3.23E-10	718675	0.996904
rs264962	2	104308545	C	G	0.5428	0.0119	0.0017	1.74E-12	718682	0.998264
rs2670854	17	41085683	A	G	0.7227	0.0111	0.0019	1.97E-09	804311	1
rs2682406	3	158026489	A	T	0.4117	-0.0126	0.0017	4.76E-13	713395	0.999506
rs2693686	14	99672797	C	G	0.6096	-0.0116	0.0018	5.87E-11	718528	0.980008
rs2715423	15	99511873	A	G	0.2805	-0.0115	0.0019	1.90E-09	706401	1
rs273505	19	18217147	T	C	0.5783	-0.0173	0.0019	3.32E-19	484680	0.997811
rs2777768	9	84186734	A	G	0.7228	0.0119	0.0019	6.38E-10	718589	0.993176
rs2803316	1	1865298	A	G	0.4551	-0.0142	0.0017	1.88E-16	716462	0.991647
rs2820295	1	201800868	A	G	0.3266	0.0235	0.0018	5.56E-39	718545	0.994889
rs2832283	21	30690558	A	G	0.2254	0.0115	0.002	4.72E-09	806772	0.991883
rs28350	3	42418446	A	G	0.1717	0.0172	0.0022	1.07E-14	717783	0.988403
rs2837398	21	41427168	A	C	0.6075	-0.0112	0.0017	9.50E-11	706864	0.998366
rs284227	1	82379446	T	C	0.7275	-0.0147	0.0019	6.08E-15	806764	0.99458
rs2861089	5	164557954	A	T	0.3806	0.0105	0.0017	1.55E-09	718566	0.999072
rs2861685	2	67837553	T	C	0.5864	0.0165	0.0019	7.82E-18	484680	0.997983
rs2862996	11	43653833	T	G	0.7012	-0.0216	0.0017	3.60E-35	806675	1
rs2870710	4	94411606	C	G	0.8057	0.0155	0.0022	9.41E-13	706936	0.993995
rs288230	5	107422067	T	C	0.8394	0.0238	0.0023	4.67E-26	718691	0.993947
rs2899663	15	61194234	A	G	0.4883	-0.0098	0.0016	2.07E-09	805175	0.997105
rs2907948	7	150638484	A	G	0.244	-0.0145	0.0019	1.95E-14	806659	0.99806
rs2933451	10	66626611	A	C	0.669	-0.0129	0.002	1.98E-10	484680	0.990951
rs2954021	8	126482077	A	G	0.5089	-0.0107	0.0017	2.41E-10	718633	0.99957
rs2968487	1	96887370	T	C	0.2772	0.0176	0.0018	7.55E-22	765145	0.998986
rs29938	19	34311481	T	C	0.3425	-0.0158	0.0017	3.81E-20	803927	0.995608
rs3101336	1	72751185	T	C	0.3825	-0.0254	0.0016	4.80E-54	801552	1
rs3134358	8	101958433	T	G	0.6192	0.0122	0.0018	3.85E-12	706553	0.999184
rs325220	5	98304564	A	G	0.2976	-0.0106	0.0018	3.56E-09	805094	0.99599
rs326845	4	112747919	A	G	0.3764	-0.0117	0.0018	3.23E-11	718394	0.995603
rs329124	5	133865452	A	G	0.5893	0.0135	0.0017	4.26E-15	718669	0.995677
rs340025	15	60908307	T	C	0.4081	-0.0127	0.0016	1.40E-14	806687	0.989995
rs34277166	10	102634853	A	G	0.44	0.0144	0.0019	8.26E-14	484680	0.99349
rs34720381	1	171455322	T	C	0.0889	0.0229	0.0033	7.89E-12	484680	0.993262
rs34801745	3	196115497	C	G	0.3585	0.0129	0.002	7.00E-11	484680	0.998492
rs34811474	4	25408838	A	G	0.2224	-0.0293	0.0023	8.50E-38	484680	1
rs349088	11	84814393	A	C	0.4777	-0.013	0.0017	3.50E-14	718429	0.990655
rs354508	8	15535226	T	C	0.1617	-0.0146	0.0023	2.69E-10	718419	0.992429
rs355777	3	154034950	C	G	0.3984	0.0151	0.0017	2.13E-18	718342	0.996732
rs355914	2	165656787	C	G	0.6317	0.0108	0.0017	7.26E-11	804185	0.991571
rs35679149	6	43604167	A	G	0.9742	0.0413	0.006	6.89E-12	484680	1
rs35809007	2	47019521	A	G	0.3634	-0.0159	0.002	9.00E-16	484680	0.987561
rs35851183	4	80717182	A	G	0.6424	-0.0121	0.002	1.07E-09	484680	0.991377
rs36061954	8	38329650	T	C	0.3978	0.0119	0.0019	1.05E-09	484680	0.997196
rs3738476	1	151006539	A	C	0.8769	-0.0195	0.0026	3.35E-14	718177	1
rs3739514	9	133783025	A	G	0.3384	0.0132	0.002	6.64E-11	484680	0.990702
rs3744017	17	73871467	A	G	0.1931	0.0139	0.0022	2.43E-10	718595	0.998267
rs3746038	19	1852494	T	C	0.2162	-0.0173	0.0021	2.80E-16	714837	0.983084
rs3750944	11	6239344	A	G	0.5635	-0.0103	0.0018	4.74E-09	698216	1
rs3752904	3	183996068	T	C	0.512	-0.0116	0.0016	8.90E-13	806771	0.999644
rs3766160	1	15808872	A	G	0.2272	-0.0107	0.0018	4.63E-09	806782	1
rs3770799	2	36788616	A	G	0.6367	-0.0114	0.0018	1.21E-10	718290	0.997273
rs3774573	3	53799960	T	C	0.7448	0.0151	0.002	2.72E-14	718555	0.990217
rs3806114	6	20482335	A	G	0.6916	-0.012	0.0018	1.46E-11	804965	0.976095
rs3808477	8	116670347	T	C	0.274	-0.0182	0.0019	8.73E-22	718439	0.99668
rs3811125	9	94187247	T	C	0.2806	-0.0152	0.0021	9.42E-13	484680	0.991864
rs3822683	5	96080883	A	G	0.7851	0.0131	0.002	1.45E-10	718354	0.987198
rs3825061	11	118944675	T	C	0.3863	0.014	0.0017	6.15E-16	718354	0.999277
rs3914628	4	147438019	T	C	0.8593	0.0165	0.0023	6.91E-13	806780	0.984491
rs3922980	9	27803737	T	G	0.5021	-0.0127	0.0017	8.04E-14	718313	0.990978
rs3923783	17	1843189	A	C	0.1784	-0.0222	0.0022	4.12E-23	714524	0.998507
rs3930349	17	31475545	A	C	0.2089	-0.014	0.002	7.68E-12	718661	0.993721
rs3935190	17	79084367	A	G	0.537	-0.0155	0.0019	8.69E-16	484680	0.985972
rs39654	3	173095123	A	G	0.4513	-0.0163	0.0017	1.75E-21	717812	0.993302
rs4097319	10	33860515	T	G	0.5641	0.0107	0.0017	4.32E-10	718651	0.99425
rs4123853	8	14091025	T	C	0.3727	0.014	0.0017	1.06E-15	718536	0.9977
rs41284828	13	50963685	A	G	0.0302	-0.0341	0.0057	3.00E-09	484680	0.941826
rs41290587	5	151045923	T	C	0.0067	0.0776	0.0116	2.61E-11	484680	1
rs41310284	10	102447647	A	C	0.097	-0.029	0.0032	3.98E-19	484680	0.982738
rs4239020	17	80176641	T	C	0.6848	0.0108	0.0017	6.32E-10	787361	1
rs4242244	5	92546237	T	G	0.5788	0.0109	0.0017	2.00E-10	718513	0.995331
rs4256980	11	8673939	C	G	0.3305	-0.0187	0.0017	8.63E-29	804708	0.996063
rs4270551	4	30703243	A	C	0.1314	0.0174	0.0026	8.27E-12	715257	0.98983
rs4273371	3	108119071	T	C	0.5066	-0.0113	0.0016	3.80E-12	806456	1
rs427943	21	46570896	A	C	0.4288	-0.0177	0.0017	3.60E-25	742360	0.991994
rs4290163	10	104610926	T	G	0.398	0.013	0.0017	3.50E-15	801315	0.999063
rs4307239	7	24354300	A	G	0.5361	-0.0115	0.0017	1.47E-11	717563	0.991771
rs4372836	2	28973883	T	C	0.3259	0.0125	0.0017	7.33E-13	806681	0.99833
rs4382152	5	106379106	T	C	0.6155	0.0104	0.0017	1.93E-09	718393	1
rs4414033	1	156406853	A	G	0.6048	0.0129	0.0018	4.13E-13	712694	0.976467
rs4421883	13	79561962	T	C	0.4946	-0.0103	0.0017	1.79E-09	706846	0.995127
rs45521740	19	2245622	A	G	0.0555	0.0317	0.0042	3.26E-14	484680	1
rs4581940	2	69655790	T	C	0.5857	0.0101	0.0017	3.43E-09	718608	0.997828
rs459552	5	112176756	A	T	0.7747	-0.0133	0.0019	8.36E-12	797086	1
rs4609871	16	29932064	T	C	0.5397	0.0219	0.0017	6.62E-38	718614	1
rs4671328	2	58935282	T	G	0.4496	0.0214	0.0017	3.42E-36	718386	0.980863
rs4700608	5	63026280	T	C	0.5236	-0.0155	0.0017	4.32E-20	718693	0.999546
rs4703019	5	102053558	A	G	0.3914	0.0102	0.0016	4.93E-10	806351	0.998066
rs4721089	7	1872921	T	C	0.783	0.0167	0.0023	5.60E-13	484680	0.996414
rs4721823	7	19785888	C	G	0.1426	-0.0143	0.0024	4.52E-09	718660	0.993084
rs4722398	7	3125220	T	C	0.1461	0.0147	0.0025	3.92E-09	718601	1
rs4739570	8	34324581	A	G	0.6204	0.0107	0.0018	1.05E-09	718548	0.995965
rs4740619	9	15634326	T	C	0.5436	0.0189	0.0016	3.15E-31	806567	0.998657
rs4746339	10	77656509	A	T	0.2601	-0.0131	0.0019	1.18E-11	718627	0.998955
rs4794977	17	32247585	C	G	0.5749	0.0118	0.002	1.56E-09	484680	0.977337
rs4795195	17	26318587	A	G	0.2872	0.0113	0.0019	3.33E-09	716736	0.991577
rs4802570	19	49646476	C	G	0.3968	0.0116	0.002	3.22E-09	484680	0.996329
rs4814512	20	16564210	A	C	0.8075	0.0126	0.0021	1.29E-09	718651	1
rs4818226	21	42633065	A	G	0.3082	-0.0123	0.0018	1.92E-11	718578	0.992466
rs4834272	4	113313986	T	C	0.6852	-0.0108	0.0017	3.46E-10	806658	0.993378
rs4841504	8	11024663	A	C	0.5008	-0.0166	0.0016	5.41E-24	805947	0.989299
rs4851057	2	105939237	T	C	0.1265	0.0163	0.0026	2.94E-10	710514	0.999843
rs4857968	3	20714580	A	G	0.2933	-0.0125	0.0018	6.50E-12	806041	0.991722
rs487152	6	160774486	A	C	0.4973	0.0108	0.0016	2.98E-11	798039	0.994786
rs4880341	10	133992689	T	C	0.5725	-0.013	0.0017	3.06E-14	716038	0.998582
rs4895231	5	119388659	C	G	0.4669	0.0121	0.0017	2.49E-12	715989	0.990682
rs4906263	14	103249127	C	G	0.6562	-0.0176	0.0018	8.11E-23	718534	0.997605
rs4973618	2	229002620	A	G	0.6623	-0.0148	0.0018	1.25E-16	706944	0.999799
rs4985155	16	15129459	A	G	0.6689	0.0102	0.0017	3.39E-09	806518	0.997985
rs5017416	6	18492350	T	G	0.0504	0.0285	0.0044	1.08E-10	484680	0.970439
rs507856	3	161453946	T	C	0.5639	0.0108	0.0017	2.61E-10	711550	0.996673
rs5215	11	17408630	T	C	0.6314	0.0113	0.0017	1.22E-11	801391	1
rs539100	3	62714917	A	T	0.2189	0.0131	0.0021	2.91E-10	718620	0.994115
rs543874	1	177889480	A	G	0.7786	-0.0479	0.002	3.06E-125	806688	1
rs544722	1	10743042	T	C	0.4545	0.0113	0.0019	2.76E-09	484680	0.995679
rs55676934	3	45222958	A	G	0.672	-0.014	0.002	5.19E-12	484680	0.994381
rs559267	20	54157497	A	G	0.6696	-0.0103	0.0017	2.53E-09	806790	0.996407
rs55966114	12	97584357	T	C	0.1885	0.0146	0.0024	2.47E-09	484680	0.991437
rs561136	1	23345051	T	C	0.8691	-0.0186	0.0024	1.43E-14	718639	0.995559
rs56356382	19	4064057	T	C	0.8054	0.0217	0.0024	3.21E-19	484680	0.993923
rs57800857	4	140863365	A	C	0.6344	0.0157	0.002	3.49E-15	484680	0.986979
rs58139454	15	99230162	C	G	0.2216	-0.0145	0.0023	2.57E-10	484680	0.998645
rs592483	11	69445173	T	C	0.5933	-0.0137	0.0017	1.53E-16	802791	0.990703
rs59302296	3	9507314	A	T	0.0991	0.0217	0.0032	9.12E-12	484680	0.998958
rs594821	18	76745589	T	C	0.0912	-0.0191	0.003	3.22E-10	718592	1
rs6019483	20	47495656	A	T	0.1743	-0.0175	0.0023	3.68E-14	717290	0.987558
rs6023633	20	53453850	A	G	0.7767	-0.013	0.0021	2.32E-10	717208	0.965453
rs6092179	20	54379033	A	C	0.197	-0.0126	0.0021	2.14E-09	800791	0.995426
rs61051952	2	166148324	A	G	0.7549	0.0151	0.0022	6.81E-12	484680	0.999743
rs6130360	20	42010996	A	G	0.8492	0.0162	0.0024	7.49E-12	718089	0.997625
rs6142067	20	32556572	T	C	0.6021	0.0126	0.0017	3.55E-13	718690	0.995335
rs615568	20	3008775	T	G	0.52	-0.0101	0.0017	3.85E-09	718134	0.993004
rs61740466	1	19934900	A	G	0.2346	-0.0142	0.0022	2.24E-10	484680	0.997594
rs61746970	19	51132746	A	G	0.0386	0.0308	0.0051	1.36E-09	484680	0.948128
rs61754230	12	72179446	T	C	0.0189	0.0451	0.007	1.20E-10	484680	1
rs61813324	1	156049877	T	C	0.1312	0.0289	0.0028	3.20E-24	484680	0.966354
rs61828641	1	174321997	A	G	0.1092	0.0223	0.003	2.49E-13	484680	0.996355
rs61903695	11	89922417	A	G	0.751	-0.0145	0.0022	4.54E-11	484680	0.998989
rs61930810	12	114534672	T	C	0.9329	0.0241	0.0038	3.41E-10	484680	0.986042
rs62118504	19	45734751	A	G	0.6104	-0.0116	0.002	3.03E-09	484680	0.989049
rs62491456	7	139885277	T	G	0.0953	0.0197	0.0033	1.29E-09	484680	0.993634
rs6265	11	27679916	T	C	0.1836	-0.0413	0.0021	7.40E-89	806782	1
rs630602	1	54728864	C	G	0.6073	0.0126	0.0018	1.06E-12	716881	0.988556
rs6419734	3	78458928	T	C	0.1448	0.0161	0.0024	3.77E-11	718501	0.988909
rs6435622	2	212296094	C	G	0.3179	0.0127	0.0018	3.59E-12	718363	0.994368
rs6443750	3	181329682	T	C	0.1994	-0.0152	0.0021	7.25E-13	792002	1
rs6451675	5	43110855	C	G	0.3243	-0.014	0.0018	2.54E-14	718072	0.989821
rs6463489	7	5542513	T	C	0.0959	0.0167	0.0026	2.50E-10	805923	0.995662
rs6476617	9	37200103	A	G	0.3797	-0.0149	0.0017	1.53E-17	718598	0.995362
rs6477694	9	111932342	T	C	0.6415	-0.0126	0.0017	6.57E-14	806728	0.990418
rs6493498	15	51754451	T	C	0.4465	0.0137	0.0016	4.84E-17	805967	0.995099
rs6500208	16	49011249	A	G	0.2021	0.0146	0.002	3.21E-13	794515	0.992371
rs650198	12	69674595	T	C	0.7294	-0.0137	0.0019	6.43E-13	714521	0.99618
rs6511027	19	19391851	T	C	0.1686	-0.017	0.0022	1.45E-14	806728	0.997755
rs6512302	20	62691550	C	G	0.7391	0.0134	0.002	1.52E-11	718338	0.988665
rs651548	12	99560183	A	G	0.3634	0.0146	0.0018	2.38E-16	713780	0.991841
rs6539064	12	103706754	C	G	0.7468	0.0194	0.0019	1.14E-23	718487	0.99276
rs6540498	1	209208277	A	T	0.6207	-0.0126	0.002	1.32E-10	484680	0.995081
rs6545714	2	59307725	A	G	0.6112	-0.0194	0.0016	4.01E-32	806783	0.994954
rs6556301	5	176527577	T	G	0.3707	-0.0113	0.0017	8.14E-11	767716	0.983643
rs6561766	13	54691484	A	G	0.1301	0.0175	0.0027	7.29E-11	718171	0.972021
rs6567160	18	57829135	T	C	0.7518	-0.0552	0.0019	7.82E-184	806638	0.997773
rs6574100	14	73323682	A	T	0.5887	0.0118	0.0017	1.10E-11	718298	0.993101
rs6577584	1	6715390	T	G	0.6589	-0.0118	0.0018	3.37E-11	718636	0.998663
rs6591407	11	56914157	A	C	0.1984	-0.0124	0.0021	3.58E-09	806782	0.995198
rs6602411	10	10264200	T	C	0.1755	0.0147	0.0022	5.98E-11	715658	0.997688
rs6604015	1	93219907	T	C	0.9077	-0.0183	0.0027	1.18E-11	806743	0.99909
rs6606686	12	110903380	C	G	0.6969	-0.0156	0.0017	3.57E-19	806671	0.999312
rs6607337	17	35057373	T	C	0.2978	-0.0124	0.0019	2.55E-11	718656	0.996805
rs6661316	1	210095527	T	C	0.5893	0.012	0.0016	1.72E-13	806610	0.999019
rs6690398	1	66447394	A	G	0.5501	0.0125	0.0017	1.92E-13	718610	0.991022
rs6696828	1	80812020	C	G	0.2976	0.012	0.0018	6.42E-11	718664	0.997849
rs6710871	2	143960593	A	G	0.1422	0.0193	0.0024	3.07E-16	752446	0.999519
rs6720868	2	230663576	T	C	0.3083	0.0154	0.0018	1.82E-17	718504	0.996885
rs6733834	2	198518709	C	G	0.8077	0.015	0.0021	1.54E-12	718681	0.999084
rs6781254	3	80649139	T	C	0.3034	0.0105	0.0018	4.56E-09	794430	0.995958
rs6804181	3	116937546	A	T	0.8215	0.0141	0.0023	6.47E-10	717937	0.990704
rs6804842	3	25106437	A	G	0.4301	-0.0141	0.0016	7.57E-18	806143	0.991473
rs6804915	3	170627909	A	C	0.2926	0.0172	0.0021	1.70E-16	484680	0.994677
rs6809307	3	156862041	T	C	0.259	0.0139	0.0019	8.15E-13	718683	0.99687
rs6818414	4	16600664	T	C	0.5164	-0.01	0.0017	4.57E-09	718491	0.988886
rs6832762	4	53287576	A	G	0.5093	-0.0101	0.0017	3.02E-09	713774	0.997512
rs6850421	4	180187034	A	G	0.4564	0.0113	0.0019	3.66E-09	484680	0.997433
rs6857	19	45392254	T	C	0.1656	-0.0246	0.0023	5.92E-26	712142	0.99456
rs6864049	5	124330522	A	G	0.489	-0.0121	0.0016	1.48E-13	806604	0.978247
rs6890310	5	27193573	A	G	0.2923	-0.0119	0.0019	3.29E-10	718622	0.992123
rs6905288	6	43758873	A	G	0.5735	-0.01	0.0017	1.90E-09	775056	1
rs6916553	6	70146918	A	G	0.2352	-0.0121	0.002	2.64E-09	713926	0.997884
rs6922607	6	142703483	A	G	0.808	-0.013	0.0022	1.85E-09	706729	0.998426
rs6931385	6	42677834	A	C	0.4815	0.0111	0.0017	5.64E-11	718437	0.994224
rs6932930	6	34677103	A	G	0.785	-0.0257	0.0019	1.18E-40	804933	1
rs6934973	6	21921026	A	G	0.7028	-0.0117	0.0019	3.54E-10	718609	0.995188
rs6954694	7	76632098	A	G	0.835	-0.0241	0.0026	1.09E-20	484680	0.981689
rs6962280	7	44788657	A	G	0.4363	-0.014	0.0019	3.37E-13	484680	0.989033
rs6968554	7	17287106	A	G	0.3871	-0.0107	0.0017	2.34E-10	806326	0.998076
rs6970595	7	77426482	T	C	0.5762	-0.0101	0.0017	4.31E-09	718685	0.998856
rs698147	5	3513485	A	G	0.447	0.0116	0.0017	9.67E-12	716805	0.994274
rs7024334	9	109072075	T	G	0.2254	0.0135	0.002	4.71E-12	799813	0.999089
rs7031064	9	14455076	A	G	0.5267	0.011	0.0017	1.22E-10	718018	1
rs7037266	9	6942940	A	C	0.3576	-0.0106	0.0018	1.24E-09	718501	0.997488
rs704061	12	89771903	T	C	0.5535	-0.0142	0.0017	8.34E-17	706871	0.995572
rs7070670	10	61842645	T	C	0.3228	-0.0126	0.0021	7.14E-10	484680	0.982719
rs7084454	10	21821274	A	G	0.3086	0.0198	0.0018	4.51E-27	706792	0.995785
rs709400	14	104149475	A	G	0.6214	0.0148	0.0017	5.70E-19	806793	0.999507
rs7123876	11	72444583	T	C	0.7494	-0.0118	0.0019	2.92E-10	806649	0.996333
rs7124681	11	47529947	A	C	0.4162	0.0257	0.0016	3.96E-55	806656	1
rs7133378	12	124409502	A	G	0.3335	0.0127	0.0017	2.93E-13	802968	0.994874
rs7134628	12	53785861	A	G	0.1019	0.0168	0.0028	2.59E-09	718289	0.997473
rs713763	22	48871019	A	G	0.4168	0.0136	0.002	3.52E-12	484680	0.983177
rs7138803	12	50247468	A	G	0.387	0.0297	0.0017	3.10E-71	806772	1
rs7141307	14	88375040	T	C	0.7397	-0.0141	0.002	5.95E-13	717310	0.997471
rs7144011	14	79940383	T	G	0.2334	0.0263	0.002	2.37E-40	806721	0.996051
rs715	2	211543055	T	C	0.6953	-0.0157	0.0019	1.34E-16	660054	0.989401
rs7181610	15	35826859	A	T	0.8553	0.0146	0.0025	4.50E-09	696547	0.992241
rs7186893	16	24806420	T	G	0.2631	-0.0143	0.0019	1.43E-13	717660	0.998542
rs7189122	16	56471410	T	C	0.8331	-0.0146	0.0022	4.31E-11	718692	1
rs719802	11	113234679	T	C	0.3974	0.0106	0.0017	9.79E-10	718636	1
rs7206608	16	82872628	C	G	0.6751	-0.013	0.0018	1.20E-12	717196	0.996158
rs7217226	17	2136065	T	G	0.656	-0.0137	0.0017	9.43E-16	800625	0.997838
rs7219230	17	39286180	T	C	0.3394	0.0113	0.0018	4.87E-10	718657	0.998851
rs7238896	18	1840658	A	G	0.8584	-0.0218	0.0028	2.49E-15	484680	0.981662
rs7239114	18	45921214	A	G	0.5414	0.012	0.0017	6.24E-13	794467	0.983676
rs7243357	18	56883319	T	G	0.8349	0.0198	0.0021	1.31E-20	806787	0.990374
rs7259325	19	30610400	A	G	0.4826	-0.0107	0.0017	3.85E-10	717983	1
rs72673947	8	118884379	A	G	0.8902	-0.0223	0.0031	4.11E-13	484680	0.98111
rs730180	15	73007893	A	G	0.7917	0.0172	0.002	1.80E-18	805478	0.997291
rs7318817	13	28617708	T	C	0.6303	-0.0143	0.0018	4.03E-16	718694	0.998102
rs73213501	4	28514830	A	C	0.8263	0.0194	0.0025	1.08E-14	484680	0.995728
rs73249175	4	20219595	T	G	0.8754	-0.0221	0.0029	1.62E-14	484680	0.998856
rs7357754	9	92207308	A	G	0.4985	-0.012	0.0017	1.81E-12	718167	0.994155
rs740157	7	77055885	A	G	0.4501	0.0118	0.0016	4.76E-13	806777	0.989294
rs7498044	15	92573639	A	G	0.2134	-0.0163	0.0024	4.89E-12	484680	0.978488
rs7498665	16	28883241	A	G	0.6179	-0.0285	0.0017	1.14E-66	804216	1
rs7523668	1	42408159	A	G	0.4443	-0.0105	0.0017	7.24E-10	718687	0.995435
rs7534091	1	118864616	A	G	0.7182	-0.012	0.0018	6.65E-11	803017	0.99869
rs7537581	1	2725475	A	C	0.53	0.0138	0.0017	6.28E-16	717887	0.979632
rs7560871	2	145616899	A	G	0.0712	0.0219	0.0034	6.12E-11	718536	0.994949
rs7561278	2	48954905	T	C	0.7668	0.0169	0.0021	4.89E-16	717019	0.974519
rs7570446	2	193801010	A	C	0.5397	0.0111	0.0019	4.74E-09	484680	0.997699
rs7575118	2	182653725	T	C	0.1561	0.014	0.0024	3.33E-09	702749	1
rs7588437	2	181575281	A	G	0.3664	-0.0165	0.0017	2.32E-22	806379	0.991305
rs7589023	2	220138586	T	C	0.8363	0.0174	0.0023	2.07E-14	717704	0.990984
rs7599312	2	213413231	A	G	0.2737	-0.0182	0.0018	1.52E-23	806704	0.978529
rs7601895	2	55281901	C	G	0.6899	0.0152	0.0018	1.89E-16	715262	0.987396
rs7607490	2	12851120	A	G	0.1099	0.0164	0.0027	1.21E-09	718593	0.995388
rs761423	1	17301672	T	C	0.5412	0.0105	0.0017	6.51E-10	718637	1
rs7616009	3	194881756	A	G	0.1595	-0.0157	0.0024	4.33E-11	718569	0.976917
rs7621025	3	136272246	T	C	0.2607	-0.0187	0.0019	7.54E-24	806690	0.999217
rs7631156	3	131751628	A	G	0.3091	0.0215	0.0018	3.33E-32	718695	0.999306
rs76420714	14	35628729	T	C	0.9018	0.019	0.0032	3.60E-09	484680	0.988664
rs765875	6	143185683	T	C	0.4689	-0.0132	0.0017	1.08E-14	718653	0.996785
rs76594121	3	128189391	T	G	0.9547	0.0284	0.0047	1.64E-09	484680	0.941255
rs7678054	4	95093855	A	G	0.4788	-0.0099	0.0017	4.57E-09	717910	0.998237
rs76942203	11	116973247	A	G	0.0587	0.0263	0.0041	9.08E-11	484680	0.997444
rs7713317	5	95716722	A	G	0.7198	-0.0166	0.0018	1.96E-20	802425	0.994974
rs7714712	5	60732552	A	C	0.3678	-0.0112	0.0018	2.31E-10	718578	0.999035
rs7734385	5	158460212	A	G	0.4449	-0.0101	0.0016	6.08E-10	805693	0.996461
rs7740107	6	130374461	A	T	0.7423	-0.0115	0.0019	2.58E-09	718576	0.996647
rs77432547	13	86494817	A	G	0.7229	-0.017	0.0021	1.44E-15	484680	0.999215
rs7769594	6	83447813	T	C	0.1602	0.0164	0.0023	2.13E-12	718118	0.978749
rs7777084	7	93089243	A	G	0.462	0.0131	0.0017	1.58E-14	717561	0.996696
rs7784465	7	6418275	T	C	0.8594	-0.0151	0.0025	2.12E-09	715024	0.996699
rs779206	3	118023515	A	G	0.7218	-0.0122	0.0019	3.28E-10	718456	0.988175
rs7802342	7	137435925	T	G	0.7048	-0.0124	0.0019	6.23E-11	712979	0.996972
rs7826312	8	32400115	T	C	0.4319	-0.0109	0.0016	3.23E-11	806458	0.98681
rs786420	2	44719893	T	C	0.7708	0.0139	0.002	2.27E-12	714590	0.991125
rs7871866	9	131027982	C	G	0.1596	0.0179	0.0024	7.56E-14	713754	0.989531
rs7893571	10	16750129	T	G	0.6736	0.0125	0.0018	5.83E-12	718186	0.993715
rs7899106	10	87410904	A	G	0.9496	-0.0327	0.0037	1.72E-18	806450	0.986531
rs7903146	10	114758349	T	C	0.2787	-0.0178	0.0018	1.67E-23	806810	1
rs79113395	1	1590521	A	G	0.266	-0.02	0.0022	2.03E-20	484680	0.988786
rs7944782	11	130795698	T	G	0.5016	-0.0144	0.0017	3.61E-17	718230	0.988343
rs7947143	11	64090422	A	G	0.1541	-0.0175	0.0023	8.13E-14	718300	0.996137
rs7961979	12	121671261	A	C	0.1314	0.0177	0.0026	7.26E-12	718518	0.997194
rs7968390	12	118414697	A	G	0.6844	0.0116	0.0018	2.43E-10	718650	1
rs7975187	12	60964108	A	G	0.7712	-0.0137	0.0021	3.86E-11	718606	0.996705
rs7976757	12	19207948	T	C	0.1772	-0.015	0.0022	2.73E-11	717690	0.985656
rs8016859	14	30484722	C	G	0.0377	0.0344	0.0043	6.83E-16	793931	0.989098
rs8024806	15	53473990	T	C	0.9368	0.0254	0.0035	6.73E-13	717733	0.986416
rs8033510	15	61445514	T	C	0.3636	0.0107	0.0018	1.73E-09	717292	0.993096
rs8038464	15	79463036	A	T	0.397	-0.0127	0.0017	1.56E-13	718416	0.996536
rs8075273	17	61728881	A	C	0.2878	-0.0137	0.0018	4.67E-14	806500	0.998729
rs8081039	17	75995829	T	C	0.0605	0.023	0.0037	6.02E-10	705384	0.986702
rs8092503	18	52479487	A	G	0.7693	-0.0162	0.0019	3.76E-17	798682	0.982595
rs8122855	20	25192049	A	G	0.3377	0.0137	0.0018	4.11E-14	717822	0.999506
rs8134638	21	40644170	T	C	0.6273	-0.0133	0.002	1.57E-11	484680	0.998467
rs816367	6	53995542	C	G	0.6491	-0.0107	0.0017	1.02E-09	718691	0.998593
rs8181823	13	65477940	A	C	0.2344	-0.0125	0.002	4.36E-10	718253	0.997754
rs845084	10	125220036	A	G	0.2666	0.0136	0.0019	3.22E-12	718056	0.98939
rs857601	6	44805214	T	G	0.7139	0.011	0.0019	3.77E-09	718522	0.998054
rs867560	9	129465233	C	G	0.568	-0.0136	0.0017	1.24E-15	718619	0.99603
rs872281	14	40834177	T	C	0.1755	-0.0152	0.0023	1.56E-11	718435	0.984065
rs889398	16	69556715	T	C	0.4151	-0.0195	0.0016	3.23E-32	806620	0.990464
rs891387	18	21103909	T	C	0.4951	0.0208	0.0017	9.26E-35	718548	0.999065
rs9077	1	202116238	A	G	0.2713	-0.0136	0.0019	2.97E-13	699288	0.985561
rs930295	2	50233352	A	C	0.1548	0.0208	0.0023	2.03E-19	716913	0.998216
rs9317002	13	59175727	A	C	0.5094	0.0171	0.0019	5.00E-19	484680	0.980246
rs9320823	6	98429337	T	C	0.4118	-0.0165	0.0017	2.07E-21	718696	0.999049
rs934515	2	79482643	A	G	0.1175	0.0181	0.0026	6.64E-12	718664	0.978234
rs9376609	6	141671732	A	G	0.3847	0.0112	0.0018	1.66E-10	718683	0.998509
rs942066	14	94031914	A	G	0.373	-0.0202	0.002	2.36E-24	484680	0.990093
rs944340	9	127060431	T	C	0.4162	0.0112	0.0017	5.66E-11	718685	0.993385
rs945211	1	32191798	C	G	0.6269	0.0127	0.0018	5.03E-13	704966	1
rs946824	1	243684019	T	C	0.1355	0.0197	0.0025	4.82E-15	717750	0.993448
rs947088	20	17171373	T	G	0.7351	0.0126	0.0019	3.51E-11	718449	0.991826
rs9479509	6	153427265	A	G	0.2939	0.0136	0.0019	2.77E-13	718381	0.995056
rs9514131	13	104090848	T	G	0.1289	-0.0155	0.0026	2.92E-09	710946	1
rs9527455	13	56465597	A	C	0.2325	-0.0121	0.002	1.85E-09	718658	0.993208
rs9540493	13	66205704	A	G	0.458	0.0129	0.0017	7.85E-15	803641	0.988808
rs9571687	13	67472713	A	C	0.3404	-0.0122	0.0018	1.53E-11	718634	0.996301
rs9595908	13	33184288	T	C	0.6427	0.0154	0.0017	3.73E-20	806589	0.997967
rs9603697	13	40783323	T	C	0.3184	0.0134	0.0018	1.69E-13	718556	0.993539
rs972540	2	207244783	A	G	0.7224	-0.0131	0.0018	3.83E-13	806774	0.99856
rs9805893	14	40105994	A	C	0.7978	-0.0155	0.0025	8.98E-10	539041	0.989904
rs9808302	2	236854450	A	G	0.5278	-0.0116	0.0019	9.05E-10	484680	0.995017
rs9816029	3	41311362	C	G	0.3443	0.0107	0.0018	2.63E-09	718278	0.998311
rs9816226	3	185834499	A	T	0.1755	-0.0315	0.0021	1.45E-50	794122	0.989581
rs9818122	3	85861064	T	C	0.7933	-0.0228	0.002	3.97E-30	806655	0.996804
rs9826775	3	156295341	A	G	0.8513	0.0155	0.0024	6.61E-11	715852	0.99832
rs9839267	3	42332624	T	G	0.8919	0.0227	0.0027	1.79E-17	717303	0.990623
rs9839653	3	107340769	A	G	0.83	-0.0155	0.0025	7.99E-10	484680	0.998805
rs985060	2	40284930	A	G	0.2721	-0.0117	0.0019	8.56E-10	718409	0.991393
rs9862795	3	49915506	A	T	0.4762	-0.0264	0.0019	4.43E-44	484680	0.998262
rs987071	2	236786086	T	C	0.7662	-0.0126	0.002	7.91E-10	717268	0.990908
rs9929792	16	20371075	A	T	0.5005	0.0152	0.0017	2.15E-19	718570	0.999013
rs9937053	16	53799507	A	G	0.4372	0.0721	0.0016	0	805790	0.999538
rs9965170	18	44788274	A	G	0.4346	-0.0105	0.0017	1.02E-09	718473	0.999768