rsid	chr	pos	ea	oa	eaf	p	ncases	ncontrol	info	beta	se
rs10811660	9	22134068	G	A	82.82	1.40E-115	74117	823997	0.982409375	0.2390169	0.010084398
rs7756992	6	20679709	G	A	27.35	2.40E-88	74117	823997	0.999575	0.13976194	0.008874009
rs1421085	16	53800954	C	T	41.5	3.10E-84	74116	823997	0.997784375	0.12221763	0.006743178
rs76895963	12	4384844	T	G	98.02	1.40E-69	74117	823997	0.71811875	0.48242615	0.026711978
rs6780171	3	185503456	A	T	31.38	9.00E-56	74115	823996	0.99684375	0.13102826	0.008951867
rs3802177	8	118185025	G	A	68.51	1.10E-55	74116	823996	0.98328125	0.10436002	0.006864146
rs2237895	11	2857194	C	A	42.6	6.00E-52	74116	823996	0.93955625	0.11332869	0.006803124
rs1708302	7	28198677	C	T	51.24	1.10E-48	74116	823996	0.995059375	0.09531018	0.006989534
rs2972144	2	227101411	G	A	63.85	2.10E-46	74115	823996	0.99931875	0.09531018	0.006989534
rs10830963	11	92708710	G	C	27.65	4.80E-43	74117	823996	0.974190625	0.09531018	0.006926273
rs10757283	9	22134172	T	C	42.98	1.70E-41	74116	823996	0.980003125	0.10436002	0.009193861
rs465002	5	55808475	T	C	74.21	6.10E-38	74115	823995	0.992846875	0.10436002	0.006926273
rs11709077	3	12336507	G	A	87.65	1.80E-36	74117	823997	0.99824375	0.13102826	0.011239793
rs10908278	17	36099952	T	A	48.08	6.40E-36	74116	823997	0.957046875	0.07696104	0.007053962
rs77464186	11	72460398	A	C	83.63	4.70E-33	74116	823997	0.98778125	0.10436002	0.009193861
rs11257655	10	12307894	T	C	21.84	1.50E-32	74117	823997	0.991603125	0.0861777	0.006989534
rs72802342	16	75234872	C	A	92.31	4.00E-32	74117	823997	0.954659375	0.15700375	0.013085024
rs11708067	3	123065778	A	G	77.23	5.20E-32	74117	823997	0.995353125	0.0861777	0.006989534
rs2237897	11	2858546	C	T	95.43	8.40E-32	74117	823997	0.934553125	0.20701417	0.016597855
rs1359790	13	80717156	G	A	72.01	2.40E-31	74116	823997	0.995178125	0.0861777	0.007053962
rs115505614	5	102422968	T	C	4.99	1.30E-30	74117	823997	0.87145	0.17395331	0.015073703
rs703972	10	80952826	G	C	53.3	1.70E-29	74117	823996	0.987784375	0.06765865	0.007119589
rs1005752	15	77818128	A	C	71.54	2.50E-29	74115	823995	0.99418125	0.07696104	0.007053962
rs80147536	2	43698028	A	T	90.43	2.70E-29	74116	823997	0.9975875	0.12221763	0.011239793
rs10228066	7	15063569	T	C	53.73	1.10E-28	74116	823995	0.998453125	0.06765865	0.007119589
rs5213	11	17408404	C	T	36.24	3.50E-27	74115	823995	0.99290625	0.06765865	0.007119589
rs3768321	1	40035928	T	G	20.04	2.60E-26	74117	823996	0.9803625	0.0861777	0.007053962
rs4929965	11	2197286	A	G	38.29	4.00E-26	74115	823996	0.893628125	0.06765865	0.007119589
rs28505901	9	139241030	G	A	75.2	6.70E-26	67154	810074	0.831296774	0.0861777	0.009362594
rs231361	11	2691500	A	G	25.64	5.00E-25	74117	823997	0.956940625	0.07696104	0.007053962
rs10195252	2	165513091	T	C	58.64	6.00E-25	74117	823997	0.99441875	0.06765865	0.004768401
rs1260326	2	27730940	C	T	60.69	6.50E-25	74117	823997	0.995615625	0.06765865	0.004768401
rs78408340	5	102338739	G	C	0.83	2.10E-24	73705	823607	0.697841935	0.3852624	0.037990632
rs2796441	9	84308948	G	A	59.24	4.40E-24	74116	823997	0.979259375	0.06765865	0.007186448
rs340874	1	214159256	C	T	55.55	1.60E-22	74117	823997	0.9929125	0.06765865	0.007186448
rs1800961	20	43042364	T	C	3.53	2.30E-22	74117	823997	0.983446875	0.16551444	0.01715618
rs3887925	3	186665645	T	C	54.68	3.10E-22	74117	823997	0.982471875	0.06765865	0.007186448
rs3217792	12	4384696	C	T	91.31	2.60E-21	74117	823997	0.848590625	0.11332869	0.011339735
rs9379084	6	7231843	G	A	88.73	3.30E-21	74117	823997	0.9066625	0.10436002	0.011545049
rs2258238	12	66221060	T	A	10.42	4.50E-21	74117	823997	0.992253125	0.09531018	0.011545049
rs9873618	3	170733076	G	A	71	4.80E-21	74117	823996	0.990221875	0.06765865	0.007186448
rs4686471	3	187740899	C	T	61.04	1.70E-20	74115	823995	0.99543125	0.05826891	0.007186448
rs9687832	5	55861595	A	G	19.75	1.70E-20	74117	823997	0.99355	0.07696104	0.009449304
rs243024	2	60583665	A	G	45.99	2.50E-20	74116	823996	0.996084375	0.05826891	0.004813389
rs10842994	12	27965150	C	T	80.54	4.10E-20	74117	823997	0.993784375	0.07696104	0.007119589
rs4932265	15	90423293	T	C	26.72	4.20E-20	74115	823995	0.988246875	0.06765865	0.007186448
rs34715063	15	38873115	C	T	12.35	2.30E-19	74117	823997	0.894209375	0.09531018	0.01165052
rs11759026	6	126792095	G	A	23.21	2.40E-18	74117	823997	0.967259375	0.06765865	0.007186448
rs429358	19	45411941	T	C	84.58	2.60E-18	74117	823997	0.920721875	0.07696104	0.009449304
rs177045	10	71321279	G	A	31.55	6.60E-18	74117	823997	0.991296875	0.06765865	0.007186448
rs4457053	5	76424949	G	A	30.36	8.40E-18	74115	823995	0.96319375	0.05826891	0.007186448
rs56337234	4	1784403	C	T	50.26	8.60E-18	74116	823995	0.877784375	0.05826891	0.007254575
rs1562396	7	130457914	G	A	31.86	9.90E-18	74116	823997	0.923234375	0.05826891	0.007186448
rs35352848	3	23455582	T	C	78.78	1.30E-17	74117	823997	0.999678125	0.06765865	0.009537636
rs17168486	7	14898282	T	C	18.08	2.30E-17	74117	823996	0.993078125	0.06765865	0.007119589
rs6459733	7	156930550	G	C	67.29	2.40E-17	74117	823997	0.968278125	0.05826891	0.004813389
rs4810426	20	43001721	T	C	10.64	3.10E-17	74117	823997	0.975903125	0.0861777	0.01165052
rs2307111	5	75003678	T	C	60.53	2.10E-16	74117	823997	0.99883125	0.04879016	0.007254575
rs79687284	1	214150821	C	G	3.48	2.60E-16	74117	823997	0.81445	0.14842001	0.019717264
rs1493694	1	120526982	T	C	10.89	2.70E-16	74117	823997	0.989275	0.0861777	0.009362594
rs2820446	1	219748818	C	G	70.55	3.30E-16	74117	823997	0.999371875	0.05826891	0.007254575
rs17819328	3	12489342	G	T	42.49	4.80E-16	74117	823997	0.99066875	0.05826891	0.007254575
rs234853	11	2850828	G	A	24.82	6.80E-16	74116	823996	0.974690625	0.07696104	0.009449304
rs12910825	15	91511260	G	A	36.12	1.60E-15	74116	823995	0.990390625	0.04879016	0.007254575
rs7918400	10	114703136	T	C	47.61	2.00E-15	74117	823995	0.980540625	0.05826891	0.007254575
rs35895680	17	47060322	C	A	67.8	2.50E-15	74117	823997	0.956484375	0.05826891	0.007254575
rs8107974	19	19388500	T	A	7.69	3.30E-15	74116	823996	0.987515625	0.09531018	0.01165052
rs9860730	3	64701146	A	G	70.36	4.90E-15	74117	823997	0.996821875	0.05826891	0.007254575
rs72926932	18	53050646	C	A	8.39	1.00E-14	74117	823997	0.997090625	0.0861777	0.01165052
rs7669833	4	153513369	T	A	70.45	1.20E-14	74116	823997	0.98546875	0.05826891	0.007254575
rs2925979	16	81534790	T	C	29.96	1.40E-14	74117	823997	0.98935625	0.04879016	0.007254575
rs10974438	9	4291928	C	A	35.67	1.50E-14	74116	823997	0.984515625	0.04879016	0.007254575
rs1783541	11	65294799	T	C	20.35	2.00E-14	74116	823996	0.984090625	0.05826891	0.007186448
rs2249105	2	65287896	A	G	63.43	2.20E-14	74117	823997	0.999565625	0.09531018	0.011545049
rs2642588	10	71466578	G	T	70.16	2.20E-14	74117	823997	0.992740625	0.04879016	0.007254575
rs1796330	12	71522953	G	C	57.11	2.20E-14	74117	823996	0.998734375	0.04879016	0.004859233
rs348330	1	229672955	G	A	36.05	2.70E-14	74115	823996	0.94756875	0.04879016	0.007254575
rs17791513	9	81905590	A	G	93.17	3.10E-14	74117	823997	0.984771875	0.09531018	0.011545049
rs1531583	4	744972	T	G	4.58	3.50E-14	74117	823997	0.953271875	0.12221763	0.01587814
rs8032939	15	38834033	C	T	24.6	3.50E-14	74116	823997	0.986665625	0.05826891	0.007254575
rs6070625	20	57394628	G	C	51.74	5.30E-14	74117	823995	0.996909375	0.04879016	0.004859233
rs17836088	14	79932041	C	G	21.71	6.70E-14	74116	823997	0.997134375	0.05826891	0.009627635
rs702634	5	53271420	A	G	69	7.70E-14	74116	823997	0.9977	0.04879016	0.007254575
rs4977213	8	145507304	C	T	37.49	9.10E-14	74115	823995	0.972025	0.04879016	0.007254575
rs10406431	19	46157019	A	G	56.25	9.60E-14	74117	823996	0.948959375	0.04879016	0.004859233
rs11070332	15	41809205	A	G	35.78	1.10E-13	74117	823995	0.983003125	0.04879016	0.004859233
rs184509201	10	114740337	C	G	98.18	1.20E-13	74117	823997	0.913828125	0.19062036	0.025320142
rs58730668	4	185717759	T	C	85.8	1.30E-13	74117	823997	0.9952125	0.06765865	0.009537636
rs2280141	10	124193181	T	G	51.61	1.40E-13	74116	823996	0.997771875	0.04879016	0.007324007
rs1127215	1	117532790	C	T	58.38	1.60E-13	74117	823995	0.99701875	0.04879016	0.004859233
rs3774723	3	63962339	G	A	84.42	1.60E-13	74117	823996	0.99426875	0.06765865	0.009537636
rs1042725	12	66358347	T	C	49.02	1.80E-13	74116	823996	0.9989375	0.04879016	0.007324007
rs878521	7	44255643	A	G	24.51	1.90E-13	74117	823997	0.96681875	0.05826891	0.007254575
rs56348580	12	121432117	G	C	68.89	2.30E-13	74117	823997	0.993771875	0.04879016	0.007254575
rs8037894	15	62394264	G	C	56.63	2.60E-13	74115	823996	0.9959875	0.04879016	0.007324007
rs1377807	17	4045440	C	G	31.18	4.20E-13	74117	823997	0.989525	0.04879016	0.007254575
rs12454712	18	60845884	T	C	61.42	4.60E-13	74116	823996	0.865240625	0.04879016	0.004859233
rs1061810	11	43877934	A	C	28.8	6.00E-13	74117	823997	0.986221875	0.04879016	0.007254575
rs3111316	19	13038415	A	G	58.85	6.30E-13	74115	823997	0.96905625	0.04879016	0.007324007
rs523288	18	57848369	T	A	23.77	7.60E-13	74116	823997	0.99773125	0.04879016	0.007254575
rs4804833	19	7970635	A	G	39.02	7.70E-13	74117	823997	0.95635	0.04879016	0.007324007
rs146886108	5	14751305	C	T	99.38	7.80E-13	71295	813971	0.709225926	0.3435897	0.048825218
rs13065698	3	152086533	A	G	60.02	8.10E-13	74117	823997	0.995440625	0.04879016	0.007324007
rs10750397	11	128234144	A	G	28.17	8.30E-13	74117	823996	0.999175	0.04879016	0.007254575
rs6600191	16	295795	T	C	82.46	9.30E-13	74117	823997	0.9956625	0.05826891	0.007186448
rs10096633	8	19830921	C	T	87.66	1.10E-12	74117	823997	0.9990625	0.06765865	0.009537636
rs6518681	22	30609554	G	A	91.36	1.10E-12	74115	823995	0.98411875	0.0861777	0.011757936
rs1800574	12	121416864	T	C	2.96	1.70E-12	74117	823997	0.93609375	0.13102826	0.020062022
rs12811407	12	133069698	A	G	33.05	1.70E-12	74117	823996	0.920453125	0.04879016	0.007254575
rs149364428	8	97737741	A	G	1.04	1.80E-12	73967	822104	0.856364516	0.2390169	0.034064131
rs6458354	6	43814190	C	T	28.9	2.10E-12	74116	823995	0.99180625	0.04879016	0.007254575
rs2028150	2	65655012	C	G	59.79	2.30E-12	74117	823997	0.99629375	0.04879016	0.007324007
rs34855406	17	40731411	C	G	27.72	2.30E-12	74116	823997	0.99519375	0.04879016	0.007254575
rs1316776	5	78430607	C	A	64.76	2.60E-12	74115	823997	0.99515625	0.04879016	0.007324007
rs3798519	6	50788778	C	A	18.44	2.60E-12	74117	823997	0.996859375	0.05826891	0.009627635
rs4925109	17	17661802	A	G	31.64	2.80E-12	74117	823997	0.995865625	0.04879016	0.007324007
rs10938398	4	45186139	A	G	42.89	3.60E-12	74116	823996	0.989121875	0.04879016	0.007324007
rs62107261	2	422144	T	C	95.36	3.80E-12	74117	823997	0.848121875	0.11332869	0.016020638
rs505922	9	136149229	C	T	33.17	3.90E-12	74117	823997	0.9986125	0.04879016	0.007324007
rs13262861	8	41508577	C	A	82.92	4.00E-12	74117	823997	0.9696875	0.06765865	0.009537636
rs11820019	11	69448758	T	C	97.33	5.10E-12	74117	823997	0.87686875	0.14842001	0.019888148
rs34855922	10	114871594	A	G	71.62	5.50E-12	74117	823997	0.909015625	0.04879016	0.007254575
rs1426371	12	108629780	G	A	73.89	8.20E-12	74117	823997	0.953684375	0.04879016	0.007254575
rs3810291	19	47569003	A	G	67.3	8.90E-12	74116	823996	0.940928125	0.04879016	0.007324007
rs3772071	2	161135544	T	C	71.35	1.20E-11	74115	823995	0.99766875	0.04879016	0.007324007
rs67232546	11	128398938	T	C	20.7	1.30E-11	74117	823997	0.981709375	0.05826891	0.007254575
rs35913461	2	653575	C	T	82.91	1.60E-11	74117	823996	0.988734375	0.05826891	0.009627635
rs11699802	20	48832135	C	T	53.59	1.80E-11	74116	823996	0.979896875	0.03922071	0.007324007
rs17250977	5	14753745	G	A	3.76	2.00E-11	74117	823997	0.813459375	0.11332869	0.01587814
rs6063048	20	45598564	G	A	72.46	2.20E-11	74117	823996	0.9935125	0.04879016	0.007324007
rs3845281	5	14610134	G	A	90.39	2.30E-11	74117	823997	0.989796875	0.07696104	0.009449304
rs231349	11	2672821	T	C	10.24	2.30E-11	74117	823997	0.96304375	0.06765865	0.011867351
rs61676547	17	65892507	C	G	19.24	2.90E-11	74117	823997	0.97969375	0.05826891	0.007254575
rs4238013	12	4376089	C	T	20.87	3.20E-11	74115	823995	0.944953125	0.05826891	0.007254575
rs10097617	8	95961626	T	C	48.47	3.30E-11	74117	823996	0.99895	0.03922071	0.007324007
rs862320	16	69651866	C	T	57.83	3.90E-11	74116	823996	0.997475	0.03922071	0.007324007
rs6821438	4	95091911	A	G	53.42	4.00E-11	74116	823996	0.997440625	0.03922071	0.007324007
rs917195	7	30728452	C	T	77	4.20E-11	74117	823997	0.939365625	0.04879016	0.007254575
rs73226260	12	121380541	G	A	96.69	5.90E-11	74117	823997	0.955290625	0.12221763	0.018067871
rs2800733	6	127416930	A	G	71.65	6.00E-11	74117	823997	0.99528125	0.04879016	0.007324007
rs9563615	13	59077406	A	T	71.01	6.40E-11	74117	823997	0.99705	0.04879016	0.007324007
rs3811978	5	52100489	G	A	16.68	7.70E-11	74116	823996	0.99801875	0.05826891	0.007254575
rs718314	12	26453283	G	A	25.32	8.40E-11	74117	823997	0.999103125	0.04879016	0.007324007
rs11063028	12	4300172	C	T	18	8.50E-11	74116	823997	0.99501875	0.05826891	0.007254575
rs62492368	7	150537635	A	G	30.81	1.10E-10	74117	823997	0.99275625	0.04879016	0.007324007
rs1641523	17	7549681	C	T	42.76	1.20E-10	50400	523886	0.972510714	0.04879016	0.007254575
rs10893829	11	128042575	T	C	85.33	1.30E-10	74117	823997	0.996359375	0.05826891	0.009627635
rs738408	22	44324730	T	C	22.61	1.40E-10	74116	823996	0.9815875	0.04879016	0.009719349
rs6884702	5	44682589	G	A	39.32	1.50E-10	74037	819490	0.988216129	0.03922071	0.007324007
rs539515	1	177889025	C	A	19.81	1.60E-10	74116	823996	0.99903125	0.04879016	0.007254575
rs4148856	12	123450765	C	G	78.14	1.70E-10	74115	823995	0.991153125	0.04879016	0.009719349
rs1412234	9	28410683	C	T	32.29	1.90E-10	74116	823997	0.98815625	0.03922071	0.007324007
rs145678014	11	32927778	G	T	95.67	2.00E-10	74117	823997	0.93973125	0.10436002	0.016165718
rs58432198	1	51256091	C	T	88.11	2.10E-10	74037	819489	0.937358065	0.06765865	0.009537636
rs1580278	4	104140848	C	A	47.28	2.20E-10	74115	823995	0.949590625	0.03922071	0.00490596
rs34584161	13	26776999	A	G	75.98	2.20E-10	74117	823997	0.973884375	0.04879016	0.007324007
rs2268078	20	32596704	A	G	65.72	2.30E-10	74115	823995	0.979690625	0.03922071	0.007324007
rs7022807	9	19067833	G	A	40.14	2.70E-10	74116	823997	0.997828125	0.03922071	0.00490596
rs12001437	9	34074476	C	T	37.22	2.80E-10	74115	823997	0.994403125	0.03922071	0.007324007
rs76549217	5	14768766	T	C	2.95	3.00E-10	74117	823997	0.730853125	0.13102826	0.020062022
rs4281707	16	53501946	G	A	54.42	3.20E-10	74117	823997	0.994121875	0.03922071	0.00490596
rs4688760	3	49980596	T	C	68.42	3.50E-10	74115	823996	0.93054375	0.03922071	0.007324007
rs2431115	5	55848669	A	G	40.15	3.90E-10	74115	823995	0.988971875	0.03922071	0.007324007
rs12642790	4	83578271	A	G	33.78	4.40E-10	74116	823996	0.999065625	0.03922071	0.007324007
rs291367	1	235690800	G	A	63.22	4.70E-10	62669	545620	0.995419355	0.03922071	0.007324007
rs17772814	8	128711742	G	A	91.51	5.40E-10	74117	823997	0.76941875	0.07696104	0.014175982
rs7178762	15	63871292	C	T	45.95	5.40E-10	74117	823997	0.9968875	0.03922071	0.00490596
rs13737	15	75932129	G	T	75.86	5.60E-10	74117	823997	0.981475	0.04879016	0.007324007
rs57235767	11	93013531	C	T	70.57	5.90E-10	74117	823996	0.985725	0.03922071	0.007324007
rs13426680	2	158339550	A	G	93.73	6.70E-10	74117	823996	0.9945125	0.0861777	0.011757936
rs474513	6	160770312	A	G	51.69	8.10E-10	74117	823997	0.995778125	0.03922071	0.00490596
rs576674	13	33554302	G	A	16.94	8.30E-10	74117	823997	0.98634375	0.04879016	0.007254575
rs9505097	6	7255650	C	T	79.94	8.60E-10	74117	823997	0.986521875	0.04879016	0.009719349
rs11967262	6	43760327	G	C	48.55	8.80E-10	74116	823995	0.955059375	0.03922071	0.00490596
rs34298980	6	40409243	T	C	49.67	9.30E-10	74115	823995	0.89189375	0.03922071	0.00490596
rs649961	3	124926637	T	C	46.51	9.90E-10	74115	823996	0.98619375	0.03922071	0.00490596
rs10962	17	36046451	C	G	22.57	9.90E-10	74117	823997	0.888128125	0.04879016	0.009719349
rs62271373	3	150066540	A	T	5.53	1.00E-09	74117	823997	0.924515625	0.0861777	0.014045862
rs4976033	5	67714246	G	A	41.05	1.00E-09	50401	523887	0.957907143	0.04879016	0.007324007
rs74452128	18	58056566	C	A	97.63	1.00E-09	74117	823997	0.968453125	0.13976194	0.02219678
rs362307	4	3241845	T	C	7.68	1.10E-09	74117	823997	0.931246875	0.07696104	0.011867351
rs2982521	6	139835329	A	T	38	1.30E-09	50402	523887	0.998714286	0.04879016	0.007324007
rs2283220	11	2755548	A	G	68.96	1.40E-09	74117	823997	0.934065625	0.04879016	0.007324007
rs1561927	8	129568078	C	T	26.86	1.50E-09	74117	823997	0.992659375	0.03922071	0.007324007
rs10954772	8	30863938	T	C	31.35	1.80E-09	74115	823995	0.989196875	0.03922071	0.007324007
rs34965774	12	118412373	A	G	14.38	2.00E-09	74117	823997	0.981015625	0.05826891	0.009627635
rs55653563	9	97001682	A	C	73.21	2.20E-09	74117	823997	0.984609375	0.03922071	0.007324007
rs11642430	16	30045789	G	C	39.9	2.20E-09	74116	823996	0.986609375	0.03922071	0.00490596
rs17689007	8	9974824	G	A	53.29	2.50E-09	74037	819490	0.995829032	0.03922071	0.00490596
rs17522122	14	33302882	T	G	47.42	3.20E-09	74116	823995	0.982465625	0.03922071	0.00490596
rs12920022	16	89564055	A	T	15.75	3.40E-09	74117	823997	0.939071875	0.04879016	0.007254575
rs7249758	19	4948862	A	G	20.39	3.40E-09	74117	823996	0.975896875	0.04879016	0.009719349
rs12048743	1	205114873	G	C	44.17	3.50E-09	74117	823996	0.99770625	0.03922071	0.00490596
rs329122	5	133864599	A	G	42.86	3.60E-09	74117	823997	0.99434375	0.03922071	0.00490596
rs72631105	10	122915345	A	G	18.99	3.70E-09	50402	523888	0.879464286	0.05826891	0.009627635
rs7115753	11	45912013	A	G	44.94	3.80E-09	74115	823995	0.975265625	0.03922071	0.00490596
rs3217860	12	4399050	G	A	25.8	3.90E-09	74117	823997	0.9404875	0.04879016	0.007324007
rs11688682	2	121347612	G	C	72.78	4.20E-09	74117	823996	0.85278125	0.04879016	0.007324007
rs138337556	5	101232944	G	A	0.36	4.70E-09	52854	778536	0.568357895	0.44468582	0.076698273
rs12719778	8	145879883	T	C	53.76	5.00E-09	74117	823996	0.9701625	0.03922071	0.00490596
rs4776970	15	68080886	A	T	64.06	5.00E-09	74117	823997	0.99969375	0.03922071	0.00490596
rs7124681	11	47529947	A	C	40.97	5.10E-09	74038	819490	0.997722581	0.03922071	0.00490596
rs2456530	15	53091553	T	C	12.72	5.40E-09	74117	823997	0.983790625	0.05826891	0.009627635
rs2238689	19	46178661	C	T	41.77	5.40E-09	74116	823996	0.937996875	0.03922071	0.00490596
rs4709746	6	164133001	C	T	86.76	5.80E-09	74117	823997	0.9641	0.05826891	0.009627635
rs9494624	6	137300960	A	G	28.99	6.10E-09	74116	823995	0.991278125	0.03922071	0.007324007
rs76263492	3	54828827	T	G	4.52	6.30E-09	74117	823996	0.95364375	0.0861777	0.01631345
rs8010382	14	91963722	G	A	42.14	6.50E-09	74117	823996	0.93763125	0.03922071	0.00490596
rs78020297	16	53758720	A	G	5.17	6.50E-09	74117	823997	0.95406875	0.0861777	0.014045862
rs113414093	2	219859171	A	G	5.14	6.60E-09	50402	523888	0.614307143	0.11332869	0.020419058
rs34454109	20	51223594	A	T	77.09	7.10E-09	74115	823997	0.993315625	0.03922071	0.007324007
rs9957145	18	56876228	G	A	82.9	8.10E-09	74117	823997	0.9786125	0.04879016	0.009719349
rs4946812	6	107431688	G	A	67.43	8.20E-09	74117	823997	0.950125	0.03922071	0.00490596
rs17013314	3	23510044	G	A	3.13	8.40E-09	74116	823996	0.9748875	0.10436002	0.018393697
rs10193538	2	58981064	T	G	61.03	8.90E-09	74116	823996	0.9983375	0.03922071	0.00739478
rs6545714	2	59307725	G	A	39.2	8.90E-09	74116	823996	0.99825625	0.03922071	0.00739478
rs2272163	3	77671721	C	A	61.84	9.60E-09	74116	823996	0.97960625	0.03922071	0.00739478
rs35999103	2	147861633	T	C	15.47	9.70E-09	74116	823997	0.9972625	0.04879016	0.009719349
rs62080313	18	36278709	C	T	12.33	1.00E-08	74117	823996	0.997621875	0.05826891	0.009627635
rs11496066	7	102486254	T	C	81.81	1.10E-08	74117	823997	0.9971375	0.07696104	0.014175982
rs67254669	11	17470143	G	A	0.11	1.10E-08	55757	521088	0.816405882	0.63657683	0.111149233
rs77864822	12	97848775	A	G	93.24	1.10E-08	74117	823997	0.970646875	0.07696104	0.014175982
rs74653713	3	152417881	C	A	95.71	1.20E-08	74116	823997	0.99295625	0.09531018	0.01631345
rs6976111	7	117495667	A	C	31.27	1.20E-08	62668	545622	0.982706452	0.03922071	0.007324007
rs11842871	13	31042452	G	T	73.45	1.20E-08	74117	823997	0.95780625	0.03922071	0.007324007
rs12140153	1	62579891	G	T	90.51	1.30E-08	74117	823997	0.936315625	0.06765865	0.011978822
rs17261179	5	51791225	T	C	51.72	1.30E-08	74116	823996	0.997059375	0.03922071	0.00739478
rs11680058	2	16574669	A	G	86.3	1.40E-08	74115	823995	0.784471875	0.05826891	0.009627635
rs10882101	10	94462427	T	C	58.72	1.40E-08	74116	823997	0.998525	0.05826891	0.009627635
rs3751837	16	3583173	T	C	22	1.40E-08	74115	823997	0.981934375	0.03922071	0.007324007
rs7222481	17	9785187	C	G	32.38	1.40E-08	74117	823996	0.9968375	0.03922071	0.00490596
rs13041756	20	21466795	C	T	10.72	1.40E-08	74117	823997	0.990846875	0.05826891	0.009627635
rs13085136	3	72865183	C	T	92.83	1.50E-08	74117	823997	0.870365625	0.07696104	0.011867351
rs2872246	3	183738460	A	C	45.38	1.50E-08	74117	823996	0.995575	0.03922071	0.00739478
rs10937721	4	6306763	C	G	58.8	1.50E-08	74115	823995	0.970575	0.05826891	0.009627635
rs569511541	17	52140805	G	A	0.02	1.50E-08	37528	715995	0.68626	2.03208785	0.358327423
rs59944054	20	62693175	A	G	23.82	1.50E-08	50402	523888	0.972896429	0.05826891	0.009627635
rs1801645	22	50356850	C	T	27.5	1.50E-08	74116	823996	0.847003125	0.03922071	0.00739478
rs77136196	6	34247047	T	C	4.2	1.60E-08	50402	523888	0.9286	0.10436002	0.020602387
rs17122772	14	23288935	G	C	22.8	1.60E-08	74117	823997	0.910603125	0.03922071	0.007324007
rs7240767	18	7070642	C	T	37.62	1.60E-08	74115	823997	0.979640625	0.03922071	0.00739478
rs13024606	2	165573194	T	C	4.72	1.70E-08	74117	823997	0.925621875	0.0861777	0.01631345
rs6885132	5	14768092	C	G	90.4	1.70E-08	74117	823997	0.973915625	0.06765865	0.011978822
rs117001013	22	32348841	C	T	91.17	1.70E-08	74117	823997	0.99465625	0.06765865	0.011978822
rs9430095	1	206593900	C	G	49.4	1.90E-08	74116	823996	0.974534375	0.03922071	0.00739478
rs8046545	16	28915217	G	A	35.89	1.90E-08	74115	823995	0.9762125	0.03922071	0.00739478
rs11042596	11	2118860	G	T	66.49	2.00E-08	74115	823995	0.92504375	0.03922071	0.00490596
rs7978610	12	124468572	G	C	66.55	2.00E-08	50400	523888	0.9973	0.2390169	0.042112181
rs11926707	3	46925539	C	T	62.62	2.10E-08	74115	823995	0.94785	0.2390169	0.042112181
rs963740	13	51096095	A	T	71.28	2.10E-08	74117	823996	0.99893125	0.03922071	0.00490596
rs8017808	14	38848419	G	T	74.31	2.10E-08	74117	823997	0.99265625	0.03922071	0.007324007
rs528350911	15	53747228	G	C	0.68	2.10E-08	74117	823997	0.754996875	0.2390169	0.042112181
rs28819812	4	157652753	C	A	67.67	2.20E-08	62667	545622	0.997687097	0.03922071	0.007324007
rs140242150	10	114702962	A	G	0.5	2.20E-08	70758	813597	0.59195	0.3074847	0.056086601
rs2581787	3	53127677	T	G	56.34	2.40E-08	74116	823996	0.997371875	0.03922071	0.00739478
rs7719891	5	86577352	G	A	25.85	2.40E-08	74117	823997	0.98720625	0.03922071	0.007324007
rs184660829	1	115144899	C	T	0.02	2.50E-08	33287	471082	0.6900225	2.08567209	0.375181557
rs7629630	3	168218841	A	T	85.67	2.50E-08	74117	823997	0.99760625	0.04879016	0.009719349
rs7645517	3	186675277	A	G	5.76	2.50E-08	74117	823996	0.959578125	0.07696104	0.014175982
rs12680028	8	110123183	C	G	53.42	2.50E-08	74117	823997	0.999321875	0.03922071	0.00739478
rs145904381	1	151017991	T	C	98.67	2.60E-08	74117	823997	0.7945	0.17395331	0.030046693
rs536643418	10	114699835	G	C	0.52	2.60E-08	70881	810159	0.660238462	0.40546511	0.072897231
rs60276348	17	62203304	T	C	13.97	2.60E-08	74117	823997	0.933634375	0.04879016	0.009719349
rs1903002	4	89740894	G	C	50.05	2.70E-08	74115	823995	0.975684375	0.03922071	0.00739478
rs141521721	11	14763828	A	C	2.36	2.70E-08	74117	823997	0.95984375	0.12221763	0.020419058
rs75253922	19	7240848	C	T	19.09	2.70E-08	74117	823997	0.977721875	0.04879016	0.007324007
rs17802463	2	25643221	G	T	73.14	2.90E-08	74117	823997	0.99770625	0.03922071	0.00490596
rs11137820	9	81359113	C	G	57.51	2.90E-08	74116	823996	0.986209375	0.03922071	0.00739478
rs17684074	18	54675384	G	C	74.03	2.90E-08	74116	823997	0.9878625	0.03922071	0.007324007
rs79046683	2	96913918	T	G	0.48	3.00E-08	34775	477429	0.905827273	0.85015093	0.153686382
rs279744	5	53412620	C	A	69.09	3.10E-08	74117	823997	0.99728125	0.03922071	0.00490596
rs62007683	14	103894071	G	T	65.32	3.10E-08	74116	823996	0.999009375	0.03922071	0.00739478
rs3934712	5	157928196	C	T	20.57	3.20E-08	50402	523888	0.995885714	0.04879016	0.009719349
rs2767036	11	34982148	C	A	29.08	3.30E-08	74115	823996	0.998309375	0.03922071	0.00739478
rs1296328	4	137083193	A	C	44.57	3.50E-08	74116	823995	0.97325625	0.03922071	0.00739478
rs555759341	11	2151761	C	G	0.49	3.60E-08	69523	804881	0.755817391	0.3220835	0.05898999
rs2197973	12	95928560	T	C	53.75	3.60E-08	74115	823996	0.996640625	0.03922071	0.00739478
rs12640250	4	17792869	C	A	71.49	3.70E-08	74115	823995	0.982534375	0.03922071	0.00490596
rs2102278	4	52818664	G	A	31.86	3.70E-08	74116	823995	0.953265625	0.03922071	0.00739478
rs39328	7	103444978	T	C	43.34	3.70E-08	74117	823997	0.995040625	0.03922071	0.00739478
rs10406327	19	33890838	C	G	52.26	3.80E-08	74117	823996	0.990221875	0.03922071	0.00739478
rs5758223	22	41489920	A	G	71.67	3.80E-08	74116	823996	0.996003125	0.03922071	0.00490596
rs6708643	2	43430440	A	G	50.07	3.90E-08	74116	823995	0.973265625	0.03922071	0.00739478
rs117483894	15	57456802	G	A	3.69	3.90E-08	74115	823996	0.99348125	0.09531018	0.01631345
rs7867635	9	20241069	C	T	41.23	4.00E-08	74115	823995	0.954140625	0.03922071	0.00739478
rs7987740	13	109947213	T	C	60.94	4.00E-08	74116	823996	0.997284375	0.03922071	0.00739478
rs562386202	2	118071061	G	A	0.06	4.20E-08	26326	457160	0.718833333	1.16315081	0.212844513
rs9828772	3	129333182	C	G	89.83	4.20E-08	74117	823997	0.980434375	0.05826891	0.009627635
rs2066827	12	12871099	G	T	23.5	4.20E-08	74116	823996	0.78453125	0.04879016	0.007324007
rs71372253	17	29413019	C	T	6.42	4.40E-08	74117	823997	0.892625	0.07696104	0.011867351
rs57327348	8	10808687	A	T	78.2	4.50E-08	74038	819490	0.950329032	0.03922071	0.009812827
rs4923543	11	28534898	A	G	33.2	4.50E-08	50400	523886	0.996967857	0.03922071	0.007324007
rs555402748	6	67387490	T	C	0.04	4.60E-08	45657	492696	0.55378	1.30019166	0.238581755
rs9537803	13	58366634	C	T	27.71	4.60E-08	74115	823996	0.99831875	0.03922071	0.007324007
rs601945	6	32573415	G	A	17.75	4.70E-08	74038	819490	0.879483871	0.05826891	0.009627635
rs11202627	10	89769340	T	C	15.18	4.70E-08	50402	523888	0.997078571	0.05826891	0.009627635
rs4279506	7	23512896	G	C	61.02	4.80E-08	74116	823997	0.962353125	0.05826891	0.009627635
rs7903146	10	114758349	T	C	29.5	5.8E-447	74116	823996	0.994825	0.31481074	0.007448764