rsid	chr	pos	ea	oa	eaf	beta	se	p	n	info
rs10049088	3	156797648	T	C	0.3815	-0.029	0.0018	1.45E-59	681080	0.995574
rs10054063	5	173392398	A	T	0.6208	-0.0268	0.002	1.97E-39	547776	0.98038
rs10055995	5	137698299	T	C	0.5788	-0.0109	0.0018	1.94E-09	627307	1
rs10100423	8	72407115	A	T	0.9285	-0.0418	0.0034	5.91E-34	615531	0.995547
rs10100533	8	135706219	A	G	0.6217	0.0143	0.0018	8.43E-15	627307	0.996823
rs10249651	7	117064625	T	C	0.6269	-0.0147	0.0018	1.22E-16	694556	0.996415
rs1029472	5	130867733	A	G	0.9407	-0.0251	0.0042	1.74E-09	484563	0.997384
rs1029645	17	70295760	A	G	0.545	-0.0129	0.0018	7.20E-13	627175	0.995081
rs1035942	19	7199803	A	G	0.2746	0.0141	0.002	2.14E-12	626240	0.997307
rs1045241	5	118729286	T	C	0.2817	-0.0185	0.0019	3.51E-22	694273	0.990114
rs10462028	4	56298300	A	G	0.3237	0.0189	0.0019	2.95E-23	627124	0.99994
rs10463416	5	148572915	A	G	0.3589	0.0137	0.0018	9.28E-14	627148	0.998324
rs10502148	11	111647998	T	C	0.3572	-0.023	0.0018	5.87E-36	627223	0.993649
rs10507524	13	44684600	T	C	0.9046	-0.0182	0.0031	2.68E-09	627283	0.993459
rs1051684	17	62006497	A	G	0.3555	0.0132	0.0019	4.39E-12	592045	0.998495
rs1057119	14	23746269	C	G	0.7725	0.0134	0.0022	9.17E-10	620993	1
rs10745659	12	94092690	C	G	0.5607	-0.0127	0.0018	1.82E-12	627031	0.992346
rs10778504	12	107120424	T	C	0.3497	0.0158	0.0021	2.53E-14	484563	0.999088
rs10799424	1	227755475	A	T	0.2013	-0.0134	0.0023	3.09E-09	627296	0.997166
rs10808546	8	126495818	T	C	0.422	-0.0159	0.0017	1.98E-20	694436	0.990671
rs10817896	9	119232655	T	C	0.2768	0.0126	0.002	3.30E-10	626971	0.991428
rs10820747	9	107686823	A	G	0.2404	0.0271	0.0023	1.10E-31	484563	0.995642
rs10827226	10	33559319	T	C	0.1417	0.0198	0.0029	4.80E-12	484563	0.977712
rs10842707	12	26471364	T	C	0.204	0.0343	0.0021	1.52E-62	694586	0.993975
rs10843804	12	30814864	T	C	0.7624	0.0153	0.0021	1.34E-13	627192	0.998546
rs10878367	12	66436097	A	T	0.295	0.019	0.002	5.84E-21	611538	0.984942
rs10880823	12	45986738	T	C	0.7662	-0.0132	0.0021	5.65E-10	626603	0.992743
rs10887759	10	89603424	A	G	0.1595	0.0173	0.0024	1.06E-12	694465	0.988031
rs10913257	1	176778610	T	G	0.4507	-0.0107	0.0018	2.38E-09	627006	0.992108
rs10919388	1	170372503	A	C	0.2729	-0.0333	0.0019	9.71E-66	665612	0.991758
rs10923724	1	119546842	T	C	0.5569	0.0347	0.0017	1.25E-89	694500	0.992599
rs10963067	9	17367946	A	C	0.0941	-0.0209	0.0032	5.86E-11	627315	0.996294
rs10980797	9	113912553	A	G	0.5194	-0.0182	0.002	4.52E-20	484563	0.993975
rs11042077	11	8825966	A	G	0.6564	0.0124	0.0019	4.99E-11	627010	0.990878
rs1105881	15	42072530	C	G	0.6349	-0.0156	0.0019	1.10E-16	627207	0.994047
rs11074934	16	10979440	T	C	0.2719	0.0119	0.002	3.79E-09	626749	0.988985
rs11078594	17	1612777	C	G	0.187	-0.0149	0.0025	3.66E-09	484563	1
rs11082430	18	42752377	C	G	0.7379	0.0125	0.0021	1.55E-09	627287	0.995374
rs11085744	19	10819967	T	C	0.5645	0.0109	0.0018	1.95E-09	626346	0.98824
rs11088991	21	46783285	T	C	0.4172	0.0125	0.002	5.26E-10	484563	0.988268
rs1111875	10	94462882	T	C	0.4179	-0.0112	0.0017	8.72E-11	694419	1
rs11129657	3	35636709	T	C	0.7925	-0.0147	0.0022	2.31E-11	627182	0.989043
rs11134029	5	4025324	T	C	0.5456	0.0143	0.002	5.72E-13	484563	0.994925
rs11187537	10	95346805	C	G	0.2633	0.0163	0.0021	2.43E-15	610077	0.9976
rs11204762	1	150999737	A	G	0.7695	0.014	0.0021	3.39E-11	625850	1
rs11205773	1	51284905	T	C	0.9074	0.0187	0.0031	2.31E-09	627317	0.999116
rs11235	3	52745087	T	C	0.5396	-0.0222	0.0018	1.23E-36	674682	0.998797
rs112907088	5	142083969	A	G	0.9755	-0.0409	0.0065	2.25E-10	484563	0.976021
rs1139653	16	4484396	A	T	0.2851	0.0181	0.002	7.49E-20	626749	1
rs1144	7	104756355	T	C	0.6642	-0.015	0.0018	5.57E-17	688248	0.996493
rs114760566	6	34192036	A	C	0.0432	0.0932	0.0049	9.03E-82	484563	0.99322
rs11574514	16	67971380	T	C	0.041	-0.0285	0.0043	5.04E-11	680758	1
rs11592754	10	32619572	A	C	0.8592	-0.0215	0.0025	3.22E-18	694498	0.996712
rs11670056	19	18589943	T	C	0.0733	-0.0237	0.0038	4.30E-10	484563	1
rs11722554	4	5016883	A	G	0.0377	-0.0334	0.0049	1.32E-11	565482	1
rs11724804	4	965779	A	G	0.4436	-0.017	0.0018	7.61E-21	624890	0.995671
rs11746028	5	180645425	T	C	0.1813	-0.0141	0.0024	2.00E-09	626925	1
rs11747001	5	132412299	A	G	0.7639	0.0172	0.002	7.73E-18	694337	0.998801
rs11757455	6	112522852	A	G	0.0603	-0.0221	0.0037	2.20E-09	620513	1
rs11770285	7	107616011	C	G	0.9006	0.0309	0.0031	7.06E-24	627284	0.997863
rs11786566	8	23884506	T	G	0.546	-0.0109	0.0018	2.77E-09	620250	0.983579
rs11897119	2	66772000	T	C	0.5952	-0.0142	0.0017	5.69E-16	692050	1
rs1190982	14	58815839	T	C	0.3027	0.0159	0.0019	2.46E-16	626709	0.997466
rs12138803	1	172348823	T	C	0.2018	0.0254	0.0019	9.89E-39	693735	0.998836
rs1223581	10	95745593	T	C	0.5035	0.0111	0.0018	6.96E-10	626657	0.989486
rs12325187	16	3364997	C	G	0.7323	0.0127	0.0021	8.30E-10	626249	0.990636
rs12419064	11	10320608	A	G	0.461	-0.0141	0.0019	4.53E-14	551840	0.997454
rs12435790	14	35154381	A	G	0.9209	0.0214	0.0035	1.16E-09	605319	0.963582
rs12441543	15	31689543	A	G	0.2896	-0.0189	0.002	8.68E-22	625657	0.994264
rs12442323	15	67654919	T	C	0.2084	-0.0149	0.0022	1.71E-11	551869	0.997427
rs12454712	18	60845884	T	C	0.6243	0.017	0.0018	1.33E-20	654356	1
rs12459350	19	2176586	A	G	0.5422	0.0141	0.0017	2.39E-16	694419	0.999463
rs12494105	3	168949093	C	G	0.4039	-0.0123	0.0018	2.42E-11	627054	0.994396
rs1250259	2	216300482	A	T	0.7409	-0.0164	0.002	1.04E-15	614270	0.993558
rs12527712	6	80916967	T	C	0.0881	0.0339	0.0033	6.85E-25	627314	0.999789
rs12543555	8	69562014	A	G	0.8088	-0.0138	0.0022	1.79E-10	694376	0.983153
rs12608426	18	46681664	A	G	0.0789	0.0249	0.0034	1.83E-13	627306	0.998386
rs12608504	19	18389135	A	G	0.3596	0.0258	0.0018	3.09E-47	694553	0.9985
rs12684047	9	111972671	A	T	0.1914	-0.0154	0.0024	6.85E-11	626144	0.960641
rs12686771	9	95472584	T	C	0.1623	0.0219	0.0024	6.84E-20	627315	0.998638
rs12692387	2	9698190	T	C	0.3315	-0.0134	0.0021	1.97E-10	484563	0.974111
rs12694042	2	207029825	T	C	0.5019	0.0122	0.002	6.15E-10	484563	0.987203
rs12774134	10	4963327	T	C	0.1186	-0.0188	0.0027	1.99E-12	681187	1
rs12823266	12	131441717	A	G	0.7241	0.0131	0.0021	2.37E-10	606371	0.995955
rs12828318	12	133766122	A	G	0.8262	0.0173	0.0023	3.84E-14	684927	0.994361
rs1294432	6	6745027	T	C	0.5377	0.0251	0.0017	5.24E-47	665396	0.991903
rs13010546	2	171370986	T	C	0.283	0.0136	0.002	8.79E-12	626339	0.997442
rs13107325	4	103188709	T	C	0.0808	-0.0306	0.0034	3.69E-19	693873	1
rs13137905	4	15375668	T	G	0.7324	0.0128	0.002	3.25E-10	627257	0.998256
rs13198178	6	41702227	C	G	0.0641	0.0308	0.0037	1.16E-16	614209	0.993145
rs13223034	7	42701627	T	C	0.3174	-0.0133	0.0019	3.67E-12	627108	0.998989
rs13234914	7	84577411	A	G	0.6587	-0.0128	0.0019	1.28E-11	627209	0.998933
rs13256367	8	128334900	A	C	0.6535	0.0182	0.0019	6.15E-22	627055	0.997213
rs1328757	20	56135199	T	C	0.4745	0.0141	0.0018	3.41E-15	626402	0.991493
rs1334576	6	7211818	A	G	0.4254	-0.0171	0.0018	3.46E-21	627236	1
rs13379794	15	98367100	A	G	0.3945	0.0109	0.0018	4.34E-09	624626	0.995554
rs1345203	2	112253851	T	C	0.7829	0.0264	0.0024	2.23E-28	484563	0.99293
rs1364422	7	130445981	T	C	0.2684	0.0157	0.0019	1.07E-16	694615	0.993429
rs1385167	2	66200648	A	G	0.8621	-0.0265	0.0025	7.95E-27	691182	0.998332
rs139271800	15	90214777	A	G	0.9991	0.2393	0.035	8.60E-12	484563	0.845768
rs140201358	11	823586	C	G	0.9868	-0.0848	0.0086	9.58E-23	484563	1
rs1406948	20	33905619	A	G	0.3682	-0.0159	0.0018	2.08E-19	694248	0.995099
rs144033177	20	571467	A	C	0.9848	-0.0526	0.0083	2.21E-10	484563	0.950289
rs1440372	15	67033151	T	C	0.2666	-0.0155	0.0019	9.53E-16	692010	0.993347
rs144926207	9	140079779	T	C	0.9578	0.0319	0.0053	1.60E-09	484563	0.861318
rs145878042	12	48143315	A	G	0.9896	0.0812	0.0097	8.07E-17	484563	1
rs146182298	14	52531408	T	C	0.0381	0.0314	0.0052	1.45E-09	484563	0.988814
rs1481801	8	71989719	A	C	0.3962	0.0116	0.0018	2.55E-10	627017	0.994951
rs1485745	8	25891545	T	G	0.5131	0.0118	0.0018	4.84E-11	626997	0.991067
rs1494204	10	27904321	T	C	0.419	-0.0147	0.0018	8.06E-16	626936	0.991012
rs149921263	4	123923955	A	G	0.0367	0.0401	0.0053	4.27E-14	484563	0.977793
rs150841499	9	112762434	T	C	0.1085	-0.0201	0.0032	4.11E-10	484563	0.974827
rs1511022	4	120126233	T	C	0.1232	0.0169	0.0027	6.40E-10	627153	0.996552
rs1522811	2	226992454	A	C	0.226	-0.0129	0.0021	1.64E-09	627151	0.98928
rs1541681	5	53304620	T	G	0.2621	-0.0123	0.002	1.28E-09	627262	0.995662
rs1561	17	8263334	T	C	0.0705	0.0216	0.0035	9.25E-10	687694	0.928054
rs1569135	2	188115398	A	G	0.5373	0.0205	0.0017	2.99E-33	694469	0.996958
rs1635853	7	28189549	T	G	0.4142	0.0159	0.0017	6.36E-20	687171	0.999855
rs16907277	9	93972658	A	G	0.8906	-0.0228	0.0029	9.08E-15	627291	0.995757
rs16976826	15	56517524	T	C	0.2107	0.0199	0.0021	1.25E-21	694427	0.999536
rs16978854	19	13139660	A	G	0.0374	-0.0334	0.0048	2.74E-12	623343	0.993574
rs17067999	13	78163787	T	C	0.1356	-0.0164	0.0026	1.45E-10	627309	0.998523
rs17101456	10	122875040	A	G	0.8791	-0.0251	0.0028	1.34E-19	612070	0.998029
rs17154889	5	102305065	A	C	0.3108	-0.0158	0.0019	3.90E-16	627201	0.993996
rs17289035	3	57125424	A	G	0.2029	0.0137	0.0022	9.17E-10	627310	0.995656
rs17311057	3	78841789	T	C	0.285	0.0145	0.002	1.72E-12	615028	0.997905
rs17326656	2	48962291	T	G	0.2346	0.0153	0.0021	5.77E-13	627216	0.989881
rs17369710	8	75995382	T	C	0.7207	-0.0116	0.002	4.59E-09	627239	0.997341
rs17417407	10	95931087	T	G	0.1705	0.0138	0.0023	1.31E-09	684754	1
rs174829	3	37535577	A	G	0.3523	-0.014	0.0019	6.28E-13	591813	0.988313
rs17509001	2	24021231	T	C	0.8424	-0.0161	0.0025	5.14E-11	694609	0.9995
rs17511102	2	37960613	A	T	0.9184	-0.02	0.0033	7.96E-10	611740	1
rs1757471	10	34168090	T	C	0.508	0.0146	0.0018	5.47E-16	626934	1
rs17703354	5	157986357	T	C	0.9152	-0.0202	0.0033	1.25E-09	626997	0.988307
rs17703883	15	51530097	T	C	0.7627	-0.0149	0.0021	7.27E-13	627178	0.995352
rs17764730	5	127357526	T	C	0.2359	-0.0162	0.0021	9.68E-15	627292	0.99116
rs1800978	9	107665978	C	G	0.8788	0.0262	0.0026	2.62E-23	688307	0.989117
rs1805740	12	9075014	T	G	0.7185	-0.0179	0.002	1.16E-19	627211	0.998009
rs180958337	12	28168810	T	C	0.006	0.0878	0.0132	3.33E-11	484563	0.924641
rs1893781	18	42443643	A	C	0.1158	0.0175	0.0028	3.27E-10	625010	0.996859
rs1979527	3	127400781	A	C	0.1989	0.0134	0.0022	2.36E-09	625840	0.989766
rs1997833	20	39690342	T	C	0.7071	-0.0138	0.0019	1.63E-13	694226	0.998656
rs2012485	8	25374910	T	C	0.0454	-0.0293	0.0044	2.67E-11	674509	0.998089
rs2027982	22	31593435	T	C	0.4255	-0.0121	0.0018	2.20E-11	627258	0.998906
rs2028386	15	74226708	C	G	0.4838	-0.0126	0.0018	2.75E-12	626803	0.996239
rs2047937	16	49864791	T	C	0.517	-0.0147	0.0017	7.31E-18	694322	0.999687
rs2061708	1	103417203	C	G	0.5883	0.0162	0.002	6.99E-16	484563	0.994471
rs2075665	9	101749943	A	T	0.6245	0.0112	0.0018	1.21E-09	626947	0.996632
rs2124307	14	98344662	T	C	0.3721	-0.0127	0.0018	4.96E-12	625104	0.996892
rs2145272	20	6626218	A	G	0.6367	-0.0247	0.0018	3.95E-43	694482	1
rs2158828	7	14227425	A	G	0.8271	-0.0135	0.0023	3.42E-09	665297	0.991572
rs2167750	4	89730074	T	C	0.4729	0.0274	0.0018	5.53E-53	627208	0.997953
rs2200155	12	33734935	A	G	0.3718	-0.0138	0.0019	1.26E-13	627133	0.997285
rs2222543	7	120902185	C	G	0.3761	-0.0147	0.0018	1.62E-15	624476	0.999547
rs2236519	20	45529571	A	G	0.3693	0.0298	0.0019	4.07E-58	626533	0.993531
rs2272790	22	35680095	A	G	0.6941	-0.0133	0.0019	7.99E-12	627192	0.998068
rs2277339	12	57146069	T	G	0.8931	-0.0224	0.0029	2.35E-14	614842	1
rs227733	17	54769174	A	C	0.2835	0.0128	0.002	7.52E-11	626990	0.99438
rs2279469	1	164740405	C	G	0.4996	0.013	0.0018	7.92E-13	616758	0.983999
rs2294239	22	29449477	A	G	0.5685	0.0243	0.0017	4.04E-44	694017	0.989833
rs2294823	6	22596987	T	C	0.3092	0.0116	0.0019	2.72E-09	626461	0.987775
rs2299253	7	93110055	T	C	0.5162	0.0115	0.0017	1.67E-11	693485	0.999569
rs2373078	2	218392555	T	C	0.0999	0.0215	0.0029	1.11E-13	627188	0.986517
rs2376585	17	76417883	T	C	0.1963	-0.0175	0.0023	5.50E-14	626927	0.992505
rs2387280	16	4339684	A	T	0.7585	0.0178	0.0023	1.72E-14	484563	0.98506
rs2398893	9	96758342	A	G	0.7142	0.0153	0.0019	6.75E-16	694566	0.999774
rs2503100	6	100613915	A	G	0.8345	-0.0245	0.0024	4.86E-25	627198	0.998911
rs2524163	6	31259579	T	C	0.5544	0.024	0.0017	4.39E-43	687908	1
rs2526886	14	71359064	T	G	0.69	0.0138	0.0021	1.01E-10	484563	0.995027
rs2529411	7	50738482	C	G	0.6354	-0.0114	0.0019	2.83E-09	591750	0.995441
rs2595004	3	11406721	T	C	0.8252	-0.0156	0.0024	3.39E-11	627230	0.991141
rs2602680	2	225066513	T	G	0.5455	0.0116	0.0018	1.01E-10	627099	0.997167
rs2603229	15	100263499	T	C	0.2495	0.0123	0.0021	2.99E-09	627113	0.991767
rs2701523	15	37384284	A	G	0.741	0.0129	0.002	3.21E-10	626427	0.98337
rs270960	2	161714729	A	C	0.663	0.0111	0.0018	9.04E-10	687116	0.998562
rs2786198	10	119313196	A	G	0.3329	0.0134	0.0021	1.84E-10	484563	0.989116
rs2791550	1	219655369	T	G	0.2478	-0.037	0.0018	3.35E-93	694588	0.999956
rs2836141	21	39455061	T	C	0.5376	0.0154	0.0018	1.55E-17	627051	0.997176
rs28408682	10	104403310	A	G	0.3562	-0.0122	0.0019	1.82E-10	547577	0.998983
rs28451064	21	35593827	A	G	0.1268	0.018	0.003	2.87E-09	484563	0.955171
rs2898237	21	36763769	A	G	0.6879	0.0118	0.0018	7.47E-11	694572	0.99577
rs2925979	16	81534790	T	C	0.2959	0.0265	0.0019	7.33E-46	692391	1
rs2970332	11	14360435	A	G	0.7608	0.0156	0.0021	1.01E-13	627144	0.994859
rs299615	5	34042097	A	G	0.1518	-0.0148	0.0025	1.71E-09	627105	1
rs2997447	1	26387423	A	G	0.2139	-0.0137	0.0021	1.38E-10	693774	0.976298
rs3110697	7	45955029	A	G	0.4348	0.0123	0.0018	1.08E-11	626435	1
rs3218121	1	23858317	A	G	0.0844	0.0217	0.0032	9.41E-12	693833	0.996839
rs322396	5	172160736	A	G	0.5888	0.0119	0.002	2.88E-09	484563	1
rs332105	2	119444229	A	G	0.5547	-0.0137	0.0018	4.93E-14	624989	0.982559
rs34000	5	141973501	T	C	0.6	0.014	0.0019	3.68E-14	604297	0.985019
rs34312154	11	47470345	A	G	0.0945	0.0188	0.003	3.18E-10	551850	1
rs34905952	3	138104635	A	G	0.1433	0.0209	0.0026	1.23E-15	535689	0.995385
rs352300	1	176250052	C	G	0.5453	0.0106	0.0018	2.92E-09	627306	0.999405
rs35344256	17	79934194	A	C	0.3042	0.0142	0.0021	3.82E-11	484563	1
rs35419826	2	239719323	A	G	0.175	-0.0157	0.0026	1.72E-09	484563	0.986292
rs35710478	18	45377882	C	G	0.4406	0.0118	0.002	3.76E-09	484563	0.98514
rs357438	7	138023288	C	G	0.3522	-0.0114	0.0019	3.79E-09	612429	0.993367
rs3731861	2	219191256	T	C	0.6307	-0.0112	0.0019	1.40E-09	627073	0.995181
rs3741378	11	65408937	T	C	0.144	-0.0224	0.0025	1.13E-19	691070	1
rs3757298	6	132785016	A	C	0.8941	-0.0205	0.003	6.06E-12	615027	0.998001
rs3761706	2	111899881	A	G	0.0734	0.0321	0.0037	1.70E-18	626748	0.997217
rs3786897	19	33893008	A	G	0.5803	-0.0279	0.0017	3.00E-58	693294	0.997489
rs3792751	5	32773314	T	C	0.3642	0.0136	0.0018	1.41E-14	694315	0.987811
rs3803042	12	54387947	A	G	0.4295	0.0268	0.0018	4.84E-49	625688	0.996149
rs3807947	7	20424889	T	G	0.6058	0.0137	0.0018	7.54E-14	627221	1
rs3851294	1	205130413	A	G	0.0965	-0.0257	0.0031	9.03E-17	627266	1
rs3936510	5	55860866	T	G	0.1969	0.0299	0.0022	4.62E-43	692459	1
rs402294	7	101723260	A	G	0.175	0.014	0.0024	2.91E-09	627026	0.998377
rs41277978	10	71883836	A	C	0.0072	0.073	0.0117	4.71E-10	484563	1
rs4293945	5	38736142	A	T	0.5926	0.0117	0.0018	1.69E-10	624922	0.994431
rs4371408	20	51024233	A	G	0.634	0.0164	0.0019	7.47E-19	627315	0.998615
rs4372913	2	114517748	A	G	0.7875	-0.0159	0.0022	2.65E-13	626669	0.996809
rs4420638	19	45422946	A	G	0.813	0.0229	0.0024	6.81E-22	604317	1
rs4474021	8	12632903	T	G	0.3076	0.0118	0.0019	2.44E-10	679364	1
rs4489410	9	131591649	A	C	0.7463	-0.012	0.002	4.58E-09	627259	0.999344
rs4558863	4	26079129	T	C	0.8104	-0.021	0.0024	4.69E-19	627314	0.998678
rs4646342	17	17493272	A	G	0.4536	-0.0172	0.0018	3.54E-21	626923	0.974599
rs4684857	3	12493863	C	G	0.7103	0.0211	0.002	2.99E-25	623147	0.994012
rs4686696	3	185516520	A	G	0.3139	0.0152	0.0018	5.67E-17	693522	0.999926
rs4773173	13	111025118	A	G	0.6743	0.0153	0.0018	4.23E-17	686141	0.994639
rs4789261	17	74249394	C	G	0.0791	0.0286	0.0033	1.12E-17	611773	0.996692
rs4794033	17	47358481	A	G	0.1012	-0.0194	0.003	8.69E-11	626793	0.983585
rs4902630	14	69142390	A	G	0.6285	0.0124	0.0018	3.01E-12	694404	1
rs4951588	1	212500433	T	C	0.4039	-0.0118	0.0018	1.02E-10	627297	0.995589
rs4964058	12	27522766	A	G	0.5145	0.0113	0.0018	2.84E-10	626919	0.993021
rs4964656	12	108594069	C	G	0.3025	-0.0159	0.002	4.94E-16	625457	0.999554
rs541091	6	160770552	A	G	0.4288	-0.0199	0.0019	2.99E-26	545328	0.997066
rs55747707	7	73037366	A	G	0.1783	-0.0244	0.0024	3.05E-25	551855	0.995534
rs55920843	2	158412701	T	G	0.9886	0.0859	0.0093	2.68E-20	484563	1
rs56185013	4	106160133	A	G	0.2179	-0.0168	0.0024	2.49E-12	484563	0.999202
rs56196860	12	2908330	A	C	0.03	-0.0357	0.0058	6.45E-10	484563	1
rs56271783	11	64004723	C	G	0.0439	0.059	0.0049	1.21E-33	484563	0.975925
rs598104	1	86266109	A	T	0.5944	-0.0137	0.0018	5.37E-14	626434	0.998999
rs59888683	15	79049464	T	C	0.1772	0.0142	0.0024	1.80E-09	543377	0.998415
rs6018291	20	45756772	C	G	0.4453	-0.0139	0.0018	1.33E-14	627099	0.993289
rs6040229	20	10883131	A	G	0.5481	-0.0112	0.0018	5.27E-10	627216	0.99839
rs6047259	20	21098319	T	C	0.6188	0.0104	0.0018	4.32E-09	694395	0.989467
rs6054471	20	6674887	T	C	0.2582	0.0122	0.0021	4.10E-09	627050	0.989721
rs62012773	15	63868761	A	G	0.8447	-0.0174	0.0027	1.67E-10	484563	0.999156
rs62070804	17	27889643	T	C	0.0177	0.0469	0.0075	4.36E-10	484563	1
rs62271373	3	150066540	A	T	0.0578	0.0408	0.0043	3.44E-21	484563	0.957592
rs62621197	19	8670147	T	C	0.0361	-0.0358	0.0055	8.88E-11	484563	0.924188
rs634869	6	139831757	T	C	0.4193	0.0229	0.0017	2.60E-40	694613	0.999457
rs6426912	1	165321568	T	C	0.1087	0.0191	0.0029	6.15E-11	605393	0.986598
rs6432188	2	11499032	T	C	0.2016	0.0143	0.0023	2.25E-10	693855	0.984825
rs6480914	10	80772591	A	G	0.5844	0.0133	0.002	3.21E-11	484563	0.991411
rs6556301	5	176527577	T	G	0.3706	0.0206	0.0018	2.03E-29	663437	0.983643
rs664532	13	110932363	T	C	0.3811	0.0134	0.0019	1.38E-12	551855	0.987828
rs6658424	1	200049302	A	T	0.2845	-0.0143	0.002	2.88E-13	627301	0.993948
rs6688233	1	9335745	T	C	0.2393	0.021	0.0021	9.64E-24	626909	0.982661
rs6705646	2	165567695	A	G	0.4182	0.0254	0.0017	3.97E-48	694039	0.986446
rs6721459	2	67852836	A	G	0.527	-0.0178	0.0018	4.08E-23	624705	0.996627
rs6752964	2	43754655	T	C	0.8967	-0.0189	0.0028	1.66E-11	694429	0.995229
rs6795831	3	129341403	A	C	0.8144	0.0348	0.0023	4.91E-53	627216	0.984604
rs6853254	4	26352363	T	G	0.349	0.0174	0.0019	4.02E-20	627201	0.996143
rs6859752	5	171851934	T	C	0.3289	0.012	0.0019	3.67E-10	627209	0.998267
rs6867518	5	64679283	T	C	0.8754	-0.018	0.0027	1.93E-11	627200	0.987071
rs6872807	5	55966023	T	G	0.3405	0.0108	0.0018	2.19E-09	694620	0.98784
rs6905288	6	43758873	A	G	0.5735	0.0444	0.0018	9.04E-140	671554	1
rs6932767	6	14595873	T	G	0.7926	0.0154	0.0022	4.26E-12	627215	0.998656
rs6940715	6	133601845	A	C	0.8944	0.0222	0.003	6.11E-14	627196	0.996094
rs6985478	8	25780152	A	G	0.7102	0.0148	0.002	5.96E-14	626686	0.995575
rs699370	14	74989119	T	C	0.3802	-0.0127	0.0018	3.78E-12	684617	0.978014
rs7003062	8	121358527	T	C	0.6051	-0.0124	0.0018	2.06E-11	614969	0.994436
rs7020604	9	112583554	A	G	0.6653	0.0129	0.0021	7.04E-10	484563	0.99457
rs7070749	10	63882682	A	G	0.5531	0.0136	0.002	9.10E-12	484563	0.995798
rs7086377	10	3596526	T	G	0.3952	0.0119	0.0018	6.88E-11	627258	0.997261
rs7102	16	11642242	T	C	0.646	-0.0115	0.0018	1.38E-10	686994	0.98977
rs711076	12	77905207	T	C	0.6797	-0.0123	0.0018	1.49E-11	694439	0.995925
rs711869	2	13073967	A	G	0.5566	-0.0186	0.0018	1.96E-24	627083	0.981668
rs7119797	11	62166235	T	C	0.4891	-0.013	0.0018	5.49E-13	627021	0.990757
rs71439172	2	25584162	A	G	0.1437	-0.0233	0.0029	3.37E-16	484563	0.963824
rs71511786	9	107578059	A	T	0.9207	0.0228	0.0037	5.18E-10	484563	0.989553
rs715300	1	221290755	T	C	0.3095	0.0144	0.0019	1.11E-13	627315	0.995543
rs717795	1	2970464	T	C	0.8014	-0.0196	0.0023	6.86E-18	627060	0.991382
rs7198287	16	85258191	T	C	0.218	-0.0137	0.0022	1.05E-09	623331	0.993015
rs7213608	17	21279289	T	C	0.6826	-0.0115	0.0019	3.15E-09	626694	0.977134
rs7225453	17	3960620	T	C	0.825	-0.0145	0.0023	2.66E-10	627294	0.99837
rs7235010	18	20724810	A	G	0.774	0.0186	0.0021	5.65E-19	694222	0.998884
rs7252102	19	17197012	A	G	0.7227	-0.0141	0.002	9.40E-13	627241	0.996254
rs727428	17	7537792	T	C	0.454	0.0158	0.0018	4.25E-18	626586	1
rs7279347	21	47537882	A	G	0.5064	-0.0121	0.0018	2.00E-11	624792	0.993164
rs72823057	17	40567260	C	G	0.0731	0.0294	0.0038	1.69E-14	484563	0.98187
rs72877579	3	64697471	T	C	0.0833	-0.0347	0.0033	3.29E-26	551882	0.950404
rs72959041	6	127454893	A	G	0.0417	0.1624	0.0044	2.08E-293	549629	0.969127
rs73001065	19	19460541	C	G	0.0606	0.0219	0.0037	3.68E-09	551749	0.992649
rs73094710	3	61557775	T	G	0.896	0.0197	0.0032	1.20E-09	484563	0.992204
rs7350438	10	5643511	T	C	0.3763	-0.0116	0.0019	3.63E-10	626977	0.990482
rs73858966	3	99654183	A	T	0.0788	0.0244	0.0037	2.46E-11	484563	0.998054
rs73942938	19	46162346	T	C	0.7362	-0.0146	0.0025	4.46E-09	551862	0.995002
rs7395513	11	69262756	A	G	0.4389	-0.0214	0.002	9.35E-27	484563	0.99223
rs740838	3	43764315	A	C	0.0248	-0.0431	0.0058	8.98E-14	606754	0.998522
rs747249	11	130271647	A	G	0.3589	0.0114	0.0019	1.25E-09	626947	0.985753
rs7492628	14	91547136	C	G	0.6801	-0.0229	0.0019	4.91E-32	626927	0.981371
rs7521902	1	22490724	A	C	0.2276	-0.0129	0.002	1.47E-10	693920	1
rs7530102	1	163760257	A	T	0.3978	0.0117	0.0018	1.46E-10	626763	0.993155
rs7554947	1	160413460	T	C	0.2619	-0.0151	0.0022	1.82E-11	484563	0.990433
rs755643	5	173136667	A	G	0.2882	-0.0119	0.002	1.56E-09	627000	0.986999
rs757081	11	17351683	C	G	0.6627	-0.0113	0.0018	4.03E-10	693473	1
rs757608	17	59497277	A	G	0.3207	0.0194	0.0018	1.10E-26	694592	1
rs7585974	2	172377212	C	G	0.1826	0.0187	0.0026	2.31E-13	484563	0.995766
rs7680787	4	122624065	T	C	0.6476	0.0138	0.0018	1.17E-14	693901	1
rs7708285	5	76425867	A	G	0.7065	-0.0132	0.0019	3.00E-12	691373	1
rs7721054	5	54890802	T	C	0.2948	0.0169	0.0019	1.56E-19	693843	0.989511
rs7744833	6	20581828	A	G	0.6823	0.0117	0.0019	1.42E-09	627233	0.986807
rs7795371	7	77362504	A	G	0.565	0.0172	0.0018	2.89E-21	627159	0.996663
rs7798002	7	25860580	T	G	0.1969	0.0319	0.0021	4.23E-50	694434	0.99546
rs780159	10	80907147	A	G	0.4287	-0.0163	0.0018	3.33E-20	686401	0.969682
rs7827182	8	8380471	C	G	0.4407	-0.0166	0.0019	3.92E-19	567657	0.999162
rs7854560	9	98382950	T	C	0.2902	0.0116	0.0019	5.85E-10	694360	1
rs7903146	10	114758349	T	C	0.2798	0.0181	0.0019	9.91E-22	694542	1
rs7932891	11	10921512	A	G	0.2954	0.0141	0.002	1.39E-12	626262	0.998727
rs7945962	11	36360598	A	G	0.4887	0.0114	0.0018	2.20E-10	626631	0.994694
rs79664277	5	149859889	A	G	0.0874	0.021	0.0035	2.34E-09	484563	0.986645
rs797486	13	51221618	A	C	0.893	0.0373	0.0026	4.38E-46	694585	0.987915
rs7993238	13	22473593	A	C	0.6498	-0.012	0.0019	1.68E-10	627052	0.971194
rs801593	22	47195050	C	G	0.7396	-0.0123	0.002	6.68E-10	625084	1
rs8024294	15	94023132	A	G	0.1114	0.0177	0.0029	5.03E-10	615118	0.97696
rs8054299	16	53498655	C	G	0.6861	0.0146	0.0019	5.79E-14	615528	0.999166
rs805768	20	5666891	T	C	0.2391	0.0179	0.0023	1.65E-14	484563	0.987885
rs8066985	17	68453345	A	G	0.4878	0.0228	0.0017	2.03E-40	694540	0.996236
rs8074638	17	53731579	A	G	0.191	0.0157	0.0023	2.12E-11	626827	0.977124
rs8080903	17	43996140	T	C	0.4347	-0.0146	0.0018	1.57E-15	623482	0.978333
rs8103017	19	55999142	C	G	0.7044	-0.0196	0.0022	2.98E-19	484563	0.980636
rs8126001	20	62711459	T	C	0.4853	-0.0164	0.002	1.60E-16	484563	0.992915
rs8142329	22	27647289	A	G	0.8752	-0.0165	0.0026	1.60E-10	680293	1
rs821100	8	89448877	A	G	0.7283	-0.0161	0.0022	3.99E-13	484563	0.992341
rs848286	2	58394543	T	C	0.6226	0.0116	0.0019	3.75E-10	627185	0.995143
rs863750	12	124505444	T	C	0.5842	0.0373	0.0017	4.17E-101	693934	0.993593
rs889129	19	10070954	A	T	0.8774	-0.0198	0.0029	9.32E-12	593244	0.96509
rs905938	1	154991389	T	C	0.7233	0.0243	0.002	1.35E-35	692430	1
rs910071	20	39213710	T	C	0.3151	-0.0171	0.0019	6.27E-19	627030	0.994225
rs910382	20	51699189	A	G	0.4937	-0.0187	0.0018	2.76E-25	625776	0.991927
rs917191	7	80570871	C	G	0.5706	0.0138	0.0018	5.11E-14	626903	0.980862
rs917681	4	13247539	T	C	0.2945	0.0115	0.0019	7.58E-10	694552	0.99252
rs930653	2	68464271	A	T	0.3558	0.0112	0.0019	2.89E-09	627070	0.998172
rs9341990	6	85391568	A	G	0.4131	0.0151	0.0018	9.46E-17	627285	0.997719
rs9388766	6	130354855	T	C	0.3132	-0.017	0.0019	3.96E-20	694603	0.994722
rs9415106	10	77295957	A	G	0.7138	0.0142	0.002	9.78E-13	627049	1
rs9435732	1	17308158	T	C	0.2396	-0.0128	0.0019	2.57E-11	693273	1
rs951252	4	145825151	A	G	0.4514	-0.0185	0.0017	3.44E-27	694562	1
rs9644033	8	23610639	A	T	0.7545	0.0222	0.0021	3.40E-26	626939	0.997191
rs9647379	3	171785168	C	G	0.3988	-0.015	0.0019	5.14E-16	624516	0.9925
rs9678859	2	100288478	A	G	0.1816	0.0188	0.0023	7.97E-16	627274	0.99681
rs975385	5	141858677	T	C	0.4002	-0.0114	0.0018	5.29E-10	626087	0.987005
rs9909443	17	73308346	T	C	0.2251	-0.0138	0.0021	1.24E-10	626372	0.991733